Overlap matrix
global index=1  local index=0 (global=1, Rn=1)
  0.9999999  0.0000006 -0.0000021  0.0000000  0.0000000 -0.0000000 -0.0000000 -0.0000000 -0.0000000  0.0000000 -0.0000000  0.0000000 -0.0000000 -0.0000000
  0.0000006  0.9999993  0.0000047  0.0000000  0.0000000  0.0000000  0.0000000 -0.0000000  0.0000000 -0.0000000  0.0000000 -0.0000000 -0.0000000  0.0000000
 -0.0000021  0.0000047  0.9999869  0.0000000  0.0000000  0.0000000  0.0000000  0.0000000  0.0000000 -0.0000000  0.0000000 -0.0000000  0.0000000 -0.0000000
 -0.0000000 -0.0000000 -0.0000000  1.0000002  0.0000000 -0.0000000  0.0000005 -0.0000000  0.0000000 -0.0000000  0.0000000  0.0000000  0.0000000 -0.0000000
  0.0000000 -0.0000000  0.0000000 -0.0000000  1.0000002 -0.0000000 -0.0000000  0.0000005 -0.0000000 -0.0000000 -0.0000000  0.0000000  0.0000000  0.0000000
 -0.0000000  0.0000000 -0.0000000  0.0000000 -0.0000000  1.0000002  0.0000000  0.0000000  0.0000005  0.0000000  0.0000000  0.0000000  0.0000000 -0.0000000
  0.0000000 -0.0000000 -0.0000000  0.0000005  0.0000000 -0.0000000  0.9999953  0.0000000  0.0000000 -0.0000000  0.0000000 -0.0000000 -0.0000000  0.0000000
  0.0000000 -0.0000000  0.0000000  0.0000000  0.0000005  0.0000000  0.0000000  0.9999953 -0.0000000 -0.0000000  0.0000000  0.0000000  0.0000000 -0.0000000
 -0.0000000 -0.0000000 -0.0000000  0.0000000  0.0000000  0.0000005 -0.0000000 -0.0000000  0.9999953 -0.0000000  0.0000000  0.0000000  0.0000000  0.0000000
  0.0000000  0.0000000  0.0000000  0.0000000  0.0000000 -0.0000000  0.0000000  0.0000000 -0.0000000  1.0000000 -0.0000000  0.0000000  0.0000000  0.0000000
 -0.0000000 -0.0000000 -0.0000000 -0.0000000  0.0000000  0.0000000 -0.0000000 -0.0000000 -0.0000000 -0.0000000  1.0000000  0.0000000  0.0000000  0.0000000
  0.0000000 -0.0000000  0.0000000 -0.0000000 -0.0000000 -0.0000000 -0.0000000 -0.0000000  0.0000000  0.0000000  0.0000000  1.0000000 -0.0000000  0.0000000
 -0.0000000 -0.0000000  0.0000000 -0.0000000  0.0000000 -0.0000000 -0.0000000  0.0000000 -0.0000000  0.0000000  0.0000000  0.0000000  1.0000000 -0.0000000
  0.0000000 -0.0000000  0.0000000  0.0000000  0.0000000  0.0000000 -0.0000000 -0.0000000  0.0000000 -0.0000000 -0.0000000 -0.0000000  0.0000000  1.0000000
global index=1  local index=1 (global=1, Rn=132)
 -0.0000000  0.0000000 -0.0000000 -0.0000000  0.0000000  0.0000000  0.0000000 -0.0000000 -0.0000000 -0.0000000 -0.0000000  0.0000000  0.0000000 -0.0000000
  0.0000000 -0.0000000  0.0000000  0.0000000 -0.0000000 -0.0000000 -0.0000000  0.0000000  0.0000000 -0.0000000 -0.0000000 -0.0000000 -0.0000000  0.0000000
 -0.0000000  0.0000000 -0.0000000 -0.0000000  0.0000000  0.0000000 -0.0000000  0.0000000  0.0000000  0.0000000  0.0000000 -0.0000000 -0.0000000  0.0000000
  0.0000000 -0.0000000  0.0000000  0.0000000 -0.0000000 -0.0000000 -0.0000000  0.0000000  0.0000000  0.0000000 -0.0000000 -0.0000000 -0.0000000  0.0000000
 -0.0000000  0.0000000 -0.0000000 -0.0000000  0.0000000  0.0000000  0.0000000 -0.0000000 -0.0000000 -0.0000000 -0.0000000  0.0000000  0.0000000 -0.0000000
 -0.0000000  0.0000000 -0.0000000 -0.0000000  0.0000000  0.0000000  0.0000000 -0.0000000 -0.0000000  0.0000000 -0.0000000  0.0000000  0.0000000 -0.0000000
 -0.0000000  0.0000000  0.0000000 -0.0000000  0.0000000  0.0000000 -0.0000000 -0.0000000 -0.0000000 -0.0000000  0.0000000  0.0000000  0.0000000 -0.0000000
  0.0000000 -0.0000000 -0.0000000  0.0000000 -0.0000000 -0.0000000 -0.0000000 -0.0000000  0.0000000  0.0000000  0.0000000 -0.0000000 -0.0000000  0.0000000
  0.0000000 -0.0000000 -0.0000000  0.0000000 -0.0000000 -0.0000000 -0.0000000  0.0000000 -0.0000000 -0.0000000  0.0000000 -0.0000000 -0.0000000  0.0000000
 -0.0000000  0.0000000  0.0000000 -0.0000000  0.0000000 -0.0000000  0.0000000 -0.0000000  0.0000000  0.0000000 -0.0000000  0.0000000 -0.0000000  0.0000000
 -0.0000000 -0.0000000 -0.0000000  0.0000000  0.0000000  0.0000000 -0.0000000 -0.0000000  0.0000000  0.0000000  0.0000000  0.0000000 -0.0000000 -0.0000000
  0.0000000 -0.0000000 -0.0000000  0.0000000 -0.0000000 -0.0000000 -0.0000000  0.0000000  0.0000000  0.0000000  0.0000000 -0.0000000 -0.0000000  0.0000000
  0.0000000 -0.0000000 -0.0000000  0.0000000 -0.0000000 -0.0000000 -0.0000000  0.0000000  0.0000000 -0.0000000 -0.0000000 -0.0000000 -0.0000000  0.0000000
 -0.0000000  0.0000000  0.0000000 -0.0000000  0.0000000  0.0000000  0.0000000 -0.0000000 -0.0000000  0.0000000 -0.0000000  0.0000000  0.0000000 -0.0000000
global index=1  local index=2 (global=1, Rn=195)
  0.0000422 -0.0000990  0.0002270 -0.0000000 -0.0000084 -0.0000252 -0.0000000  0.0000917  0.0002751  0.0000150 -0.0000015  0.0000000  0.0000000  0.0000092
 -0.0000990  0.0002323 -0.0005322  0.0000000  0.0000197  0.0000591  0.0000000 -0.0002151 -0.0006454 -0.0000353  0.0000036  0.0000000  0.0000000 -0.0000216
  0.0002270 -0.0005322  0.0012192  0.0000000 -0.0000452 -0.0001356  0.0000000  0.0004930  0.0014789  0.0000808 -0.0000082 -0.0000000  0.0000000  0.0000494
 -0.0000000 -0.0000000 -0.0000000  0.0000002 -0.0000000 -0.0000000 -0.0000028  0.0000000 -0.0000000 -0.0000000  0.0000000 -0.0000001 -0.0000003 -0.0000000
  0.0000084 -0.0000197  0.0000452 -0.0000000 -0.0000014 -0.0000050 -0.0000000  0.0000157  0.0000556  0.0000031 -0.0000002  0.0000000 -0.0000000  0.0000016
  0.0000252 -0.0000591  0.0001356 -0.0000000 -0.0000050 -0.0000149 -0.0000000  0.0000556  0.0001639  0.0000089 -0.0000009  0.0000000  0.0000000  0.0000056
  0.0000000  0.0000000 -0.0000000 -0.0000028  0.0000000  0.0000000  0.0000322 -0.0000000  0.0000000  0.0000000 -0.0000000  0.0000011  0.0000032 -0.0000000
 -0.0000917  0.0002151 -0.0004930 -0.0000000  0.0000157  0.0000556 -0.0000000 -0.0001703 -0.0006075 -0.0000344  0.0000024 -0.0000000 -0.0000000 -0.0000174
 -0.0002751  0.0006454 -0.0014789 -0.0000000  0.0000556  0.0001639  0.0000000 -0.0006075 -0.0017904 -0.0000975  0.0000103  0.0000000 -0.0000000 -0.0000608
  0.0000150 -0.0000353  0.0000808  0.0000000 -0.0000031 -0.0000089 -0.0000000  0.0000344  0.0000975  0.0000053 -0.0000006  0.0000000  0.0000000  0.0000034
 -0.0000015  0.0000036 -0.0000082  0.0000000  0.0000002  0.0000009 -0.0000000 -0.0000024 -0.0000103 -0.0000006  0.0000000 -0.0000000 -0.0000000 -0.0000002
  0.0000000 -0.0000000  0.0000000  0.0000001  0.0000000  0.0000000 -0.0000011 -0.0000000  0.0000000  0.0000000 -0.0000000 -0.0000000 -0.0000001  0.0000000
  0.0000000  0.0000000  0.0000000  0.0000003  0.0000000  0.0000000 -0.0000032  0.0000000  0.0000000  0.0000000 -0.0000000 -0.0000001 -0.0000003 -0.0000000
  0.0000092 -0.0000216  0.0000494 -0.0000000 -0.0000016 -0.0000056  0.0000000  0.0000174  0.0000608  0.0000034 -0.0000002  0.0000000  0.0000000  0.0000018
global index=1  local index=3 (global=1, Rn=196)
  0.0000422 -0.0000990  0.0002270  0.0000084  0.0000000 -0.0000252 -0.0000917 -0.0000000  0.0002751  0.0000150  0.0000015 -0.0000000 -0.0000092 -0.0000000
 -0.0000990  0.0002323 -0.0005322 -0.0000197 -0.0000000  0.0000591  0.0002151 -0.0000000 -0.0006454 -0.0000353 -0.0000036 -0.0000000  0.0000216 -0.0000000
  0.0002270 -0.0005322  0.0012192  0.0000452  0.0000000 -0.0001356 -0.0004930 -0.0000000  0.0014789  0.0000808  0.0000082  0.0000000 -0.0000494  0.0000000
 -0.0000084  0.0000197 -0.0000452 -0.0000014  0.0000000  0.0000050  0.0000157 -0.0000000 -0.0000556 -0.0000031 -0.0000002 -0.0000000  0.0000016  0.0000000
  0.0000000  0.0000000  0.0000000 -0.0000000  0.0000002 -0.0000000  0.0000000 -0.0000028 -0.0000000 -0.0000000 -0.0000000  0.0000001 -0.0000000 -0.0000003
  0.0000252 -0.0000591  0.0001356  0.0000050  0.0000000 -0.0000149 -0.0000556 -0.0000000  0.0001639  0.0000089  0.0000009  0.0000000 -0.0000056 -0.0000000
  0.0000917 -0.0002151  0.0004930  0.0000157  0.0000000 -0.0000556 -0.0001703  0.0000000  0.0006075  0.0000344  0.0000024 -0.0000000 -0.0000174  0.0000000
 -0.0000000 -0.0000000  0.0000000 -0.0000000 -0.0000028 -0.0000000 -0.0000000  0.0000322  0.0000000 -0.0000000 -0.0000000 -0.0000011 -0.0000000  0.0000032
 -0.0002751  0.0006454 -0.0014789 -0.0000556  0.0000000  0.0001639  0.0006075 -0.0000000 -0.0017904 -0.0000975 -0.0000103  0.0000000  0.0000608 -0.0000000
  0.0000150 -0.0000353  0.0000808  0.0000031  0.0000000 -0.0000089 -0.0000344  0.0000000  0.0000975  0.0000053  0.0000006 -0.0000000 -0.0000034 -0.0000000
  0.0000015 -0.0000036  0.0000082  0.0000002 -0.0000000 -0.0000009 -0.0000024 -0.0000000  0.0000103  0.0000006  0.0000000 -0.0000000 -0.0000002 -0.0000000
 -0.0000000  0.0000000 -0.0000000 -0.0000000 -0.0000001 -0.0000000 -0.0000000  0.0000011 -0.0000000  0.0000000  0.0000000 -0.0000000  0.0000000  0.0000001
 -0.0000092  0.0000216 -0.0000494 -0.0000016 -0.0000000  0.0000056  0.0000174 -0.0000000 -0.0000608 -0.0000034 -0.0000002 -0.0000000  0.0000018  0.0000000
  0.0000000 -0.0000000  0.0000000 -0.0000000  0.0000003 -0.0000000 -0.0000000 -0.0000032 -0.0000000  0.0000000 -0.0000000  0.0000001 -0.0000000 -0.0000003
global index=1  local index=4 (global=1, Rn=203)
  0.0013383 -0.0028697  0.0054904 -0.0000000 -0.0007255 -0.0007255  0.0000000  0.0056446  0.0056446  0.0001341 -0.0002323  0.0000000  0.0000000  0.0004646
 -0.0028697  0.0061200 -0.0115528  0.0000000  0.0015699  0.0015699 -0.0000000 -0.0119859 -0.0119859 -0.0002868  0.0004967  0.0000000  0.0000000 -0.0009935
  0.0054904 -0.0115528  0.0210815  0.0000000 -0.0030703 -0.0030703 -0.0000000  0.0223882  0.0223882  0.0005450 -0.0009440  0.0000000  0.0000000  0.0018880
  0.0000000  0.0000000  0.0000000  0.0000283 -0.0000000 -0.0000000 -0.0002484  0.0000000  0.0000000 -0.0000000  0.0000000 -0.0000196 -0.0000196 -0.0000000
  0.0007255 -0.0015699  0.0030703  0.0000000 -0.0003738 -0.0004021  0.0000000  0.0029908  0.0032392  0.0000903 -0.0001172  0.0000000 -0.0000000  0.0002539
  0.0007255 -0.0015699  0.0030703 -0.0000000 -0.0004021 -0.0003738  0.0000000  0.0032392  0.0029908  0.0000564 -0.0001368 -0.0000000 -0.0000000  0.0002539
  0.0000000 -0.0000000 -0.0000000 -0.0002484  0.0000000 -0.0000000  0.0021040 -0.0000000 -0.0000000 -0.0000000 -0.0000000  0.0001676  0.0001676  0.0000000
 -0.0056446  0.0119859 -0.0223882 -0.0000000  0.0029908  0.0032392  0.0000000 -0.0223856 -0.0244896 -0.0007106  0.0008955 -0.0000000  0.0000000 -0.0019586
 -0.0056446  0.0119859 -0.0223882 -0.0000000  0.0032392  0.0029908  0.0000000 -0.0244896 -0.0223856 -0.0004203  0.0010631 -0.0000000 -0.0000000 -0.0019586
  0.0001341 -0.0002868  0.0005450  0.0000000 -0.0000903 -0.0000564  0.0000000  0.0007106  0.0004203 -0.0000062 -0.0000354 -0.0000000 -0.0000000  0.0000469
 -0.0002323  0.0004967 -0.0009440  0.0000000  0.0001172  0.0001368  0.0000000 -0.0008955 -0.0010631 -0.0000354  0.0000346 -0.0000000 -0.0000000 -0.0000812
 -0.0000000 -0.0000000 -0.0000000  0.0000196  0.0000000  0.0000000 -0.0001676  0.0000000 -0.0000000 -0.0000000 -0.0000000 -0.0000129 -0.0000138  0.0000000
  0.0000000 -0.0000000 -0.0000000  0.0000196 -0.0000000  0.0000000 -0.0001676 -0.0000000  0.0000000 -0.0000000 -0.0000000 -0.0000138 -0.0000129 -0.0000000
  0.0004646 -0.0009935  0.0018880 -0.0000000 -0.0002539 -0.0002539  0.0000000  0.0019586  0.0019586  0.0000469 -0.0000812 -0.0000000 -0.0000000  0.0001634
global index=1  local index=5 (global=1, Rn=204)
  0.0116402 -0.0211984  0.0280631  0.0042698 -0.0042698 -0.0085395 -0.0210458  0.0210458  0.0420917  0.0022643 -0.0000000 -0.0013073 -0.0026146  0.0026146
 -0.0211984  0.0371781 -0.0439994 -0.0080012  0.0080012  0.0160025  0.0355641 -0.0355641 -0.0711283 -0.0040814 -0.0000000  0.0023564  0.0047128 -0.0047128
  0.0280631 -0.0439994  0.0336252  0.0113503 -0.0113503 -0.0227006 -0.0370686  0.0370686  0.0741372  0.0052547  0.0000000 -0.0030338 -0.0060676  0.0060676
 -0.0042698  0.0080012 -0.0113503 -0.0010365  0.0016385  0.0032771  0.0050411 -0.0088161 -0.0176322 -0.0010828  0.0002036  0.0003536  0.0007073 -0.0011145
  0.0042698 -0.0080012  0.0113503  0.0016385 -0.0010365 -0.0032771 -0.0088161  0.0050411  0.0176322  0.0010828  0.0002036 -0.0003536 -0.0011145  0.0007073
  0.0085395 -0.0160025  0.0227006  0.0032771 -0.0032771 -0.0059521 -0.0176322  0.0176322  0.0314894  0.0014602 -0.0000000 -0.0011145 -0.0020255  0.0020255
  0.0210458 -0.0355641  0.0370686  0.0050411 -0.0088161 -0.0176322 -0.0158193  0.0363739  0.0727479  0.0054698 -0.0011995 -0.0015586 -0.0031172  0.0055163
 -0.0210458  0.0355641 -0.0370686 -0.0088161  0.0050411  0.0176322  0.0363739 -0.0158193 -0.0727479 -0.0054698 -0.0011995  0.0015586  0.0055163 -0.0031172
 -0.0420917  0.0711283 -0.0741372 -0.0176322  0.0176322  0.0314894  0.0727479 -0.0727479 -0.1249411 -0.0067842 -0.0000000  0.0055163  0.0098330 -0.0098330
  0.0022643 -0.0040814  0.0052547  0.0010828 -0.0010828 -0.0014602 -0.0054698  0.0054698  0.0067842  0.0001909 -0.0000000 -0.0004263 -0.0006050  0.0006050
  0.0000000  0.0000000 -0.0000000 -0.0002036 -0.0002036 -0.0000000  0.0011995  0.0011995 -0.0000000  0.0000000 -0.0001186 -0.0000000  0.0001430  0.0001430
 -0.0013073  0.0023564 -0.0030338 -0.0003536  0.0003536  0.0011145  0.0015586 -0.0015586 -0.0055163 -0.0004263  0.0000000  0.0000799  0.0002540 -0.0002540
 -0.0026146  0.0047128 -0.0060676 -0.0007073  0.0011145  0.0020255  0.0031172 -0.0055163 -0.0098330 -0.0006050  0.0001430  0.0002540  0.0004608 -0.0007224
  0.0026146 -0.0047128  0.0060676  0.0011145 -0.0007073 -0.0020255 -0.0055163  0.0031172  0.0098330  0.0006050  0.0001430 -0.0002540 -0.0007224  0.0004608
global index=1  local index=6 (global=1, Rn=205)
  0.0013383 -0.0028697  0.0054904  0.0007255 -0.0000000 -0.0007255 -0.0056446 -0.0000000  0.0056446  0.0001341  0.0002323  0.0000000 -0.0004646  0.0000000
 -0.0028697  0.0061200 -0.0115528 -0.0015699  0.0000000  0.0015699  0.0119859  0.0000000 -0.0119859 -0.0002868 -0.0004967 -0.0000000  0.0009935 -0.0000000
  0.0054904 -0.0115528  0.0210815  0.0030703 -0.0000000 -0.0030703 -0.0223882  0.0000000  0.0223882  0.0005450  0.0009440  0.0000000 -0.0018880  0.0000000
 -0.0007255  0.0015699 -0.0030703 -0.0003738  0.0000000  0.0004021  0.0029908 -0.0000000 -0.0032392 -0.0000903 -0.0001172  0.0000000  0.0002539 -0.0000000
 -0.0000000 -0.0000000  0.0000000  0.0000000  0.0000283 -0.0000000 -0.0000000 -0.0002484  0.0000000  0.0000000  0.0000000  0.0000196 -0.0000000 -0.0000196
  0.0007255 -0.0015699  0.0030703  0.0004021  0.0000000 -0.0003738 -0.0032392 -0.0000000  0.0029908  0.0000564  0.0001368  0.0000000 -0.0002539 -0.0000000
  0.0056446 -0.0119859  0.0223882  0.0029908 -0.0000000 -0.0032392 -0.0223856 -0.0000000  0.0244896  0.0007106  0.0008955 -0.0000000 -0.0019586  0.0000000
  0.0000000 -0.0000000  0.0000000  0.0000000 -0.0002484 -0.0000000  0.0000000  0.0021040 -0.0000000 -0.0000000  0.0000000 -0.0001676  0.0000000  0.0001676
 -0.0056446  0.0119859 -0.0223882 -0.0032392 -0.0000000  0.0029908  0.0244896  0.0000000 -0.0223856 -0.0004203 -0.0010631  0.0000000  0.0019586 -0.0000000
  0.0001341 -0.0002868  0.0005450  0.0000903  0.0000000 -0.0000564 -0.0007106 -0.0000000  0.0004203 -0.0000062  0.0000354 -0.0000000 -0.0000469 -0.0000000
  0.0002323 -0.0004967  0.0009440  0.0001172  0.0000000 -0.0001368 -0.0008955 -0.0000000  0.0010631  0.0000354  0.0000346 -0.0000000 -0.0000812  0.0000000
 -0.0000000  0.0000000 -0.0000000  0.0000000 -0.0000196  0.0000000  0.0000000  0.0001676  0.0000000 -0.0000000  0.0000000 -0.0000129  0.0000000  0.0000138
 -0.0004646  0.0009935 -0.0018880 -0.0002539  0.0000000  0.0002539  0.0019586 -0.0000000 -0.0019586 -0.0000469 -0.0000812  0.0000000  0.0001634  0.0000000
 -0.0000000  0.0000000 -0.0000000  0.0000000  0.0000196 -0.0000000 -0.0000000 -0.0001676  0.0000000 -0.0000000  0.0000000  0.0000138  0.0000000 -0.0000129
global index=1  local index=7 (global=1, Rn=211)
  0.0000422 -0.0000990  0.0002270  0.0000000 -0.0000252 -0.0000084  0.0000000  0.0002751  0.0000917 -0.0000062 -0.0000138  0.0000000  0.0000000  0.0000092
 -0.0000990  0.0002323 -0.0005322  0.0000000  0.0000591  0.0000197  0.0000000 -0.0006454 -0.0002151  0.0000145  0.0000323 -0.0000000 -0.0000000 -0.0000216
  0.0002270 -0.0005322  0.0012192 -0.0000000 -0.0001356 -0.0000452 -0.0000000  0.0014789  0.0004930 -0.0000333 -0.0000741  0.0000000  0.0000000  0.0000494
 -0.0000000  0.0000000 -0.0000000  0.0000002  0.0000000  0.0000000 -0.0000028  0.0000000 -0.0000000  0.0000000 -0.0000000 -0.0000003 -0.0000001  0.0000000
  0.0000252 -0.0000591  0.0001356  0.0000000 -0.0000149 -0.0000050 -0.0000000  0.0001639  0.0000556 -0.0000036 -0.0000082  0.0000000  0.0000000  0.0000056
  0.0000084 -0.0000197  0.0000452 -0.0000000 -0.0000050 -0.0000014 -0.0000000  0.0000556  0.0000157 -0.0000014 -0.0000028 -0.0000000  0.0000000  0.0000016
  0.0000000 -0.0000000  0.0000000 -0.0000028 -0.0000000 -0.0000000  0.0000322 -0.0000000 -0.0000000  0.0000000 -0.0000000  0.0000032  0.0000011 -0.0000000
 -0.0002751  0.0006454 -0.0014789  0.0000000  0.0001639  0.0000556 -0.0000000 -0.0017904 -0.0006075  0.0000398  0.0000896 -0.0000000  0.0000000 -0.0000608
 -0.0000917  0.0002151 -0.0004930  0.0000000  0.0000556  0.0000157  0.0000000 -0.0006075 -0.0001703  0.0000151  0.0000309 -0.0000000  0.0000000 -0.0000174
 -0.0000062  0.0000145 -0.0000333  0.0000000  0.0000036  0.0000014 -0.0000000 -0.0000398 -0.0000151  0.0000008  0.0000020 -0.0000000 -0.0000000 -0.0000015
 -0.0000138  0.0000323 -0.0000741  0.0000000  0.0000082  0.0000028  0.0000000 -0.0000896 -0.0000309  0.0000020  0.0000045  0.0000000  0.0000000 -0.0000031
  0.0000000 -0.0000000 -0.0000000  0.0000003 -0.0000000  0.0000000 -0.0000032 -0.0000000  0.0000000 -0.0000000 -0.0000000 -0.0000003 -0.0000001  0.0000000
 -0.0000000  0.0000000  0.0000000  0.0000001 -0.0000000  0.0000000 -0.0000011 -0.0000000  0.0000000  0.0000000 -0.0000000 -0.0000001 -0.0000000 -0.0000000
  0.0000092 -0.0000216  0.0000494  0.0000000 -0.0000056 -0.0000016  0.0000000  0.0000608  0.0000174 -0.0000015 -0.0000031 -0.0000000 -0.0000000  0.0000018
global index=1  local index=8 (global=1, Rn=212)
  0.0116402 -0.0211984  0.0280631  0.0042698 -0.0085395 -0.0042698 -0.0210458  0.0420917  0.0210458 -0.0011322 -0.0019610 -0.0026146 -0.0013073  0.0026146
 -0.0211984  0.0371781 -0.0439994 -0.0080012  0.0160025  0.0080012  0.0355641 -0.0711283 -0.0355641  0.0020407  0.0035346  0.0047128  0.0023564 -0.0047128
  0.0280631 -0.0439994  0.0336252  0.0113503 -0.0227006 -0.0113503 -0.0370686  0.0741372  0.0370686 -0.0026274 -0.0045507 -0.0060676 -0.0030338  0.0060676
 -0.0042698  0.0080012 -0.0113503 -0.0010365  0.0032771  0.0016385  0.0050411 -0.0176322 -0.0088161  0.0003651  0.0010395  0.0007073  0.0003536 -0.0011145
  0.0085395 -0.0160025  0.0227006  0.0032771 -0.0059521 -0.0032771 -0.0176322  0.0314894  0.0176322 -0.0007301 -0.0012646 -0.0020255 -0.0011145  0.0020255
  0.0042698 -0.0080012  0.0113503  0.0016385 -0.0032771 -0.0010365 -0.0088161  0.0176322  0.0050411 -0.0007177 -0.0008359 -0.0011145 -0.0003536  0.0007073
  0.0210458 -0.0355641  0.0370686  0.0050411 -0.0176322 -0.0088161 -0.0158193  0.0727479  0.0363739 -0.0016961 -0.0053367 -0.0031172 -0.0015586  0.0055163
 -0.0420917  0.0711283 -0.0741372 -0.0176322  0.0314894  0.0176322  0.0727479 -0.1249411 -0.0727479  0.0033921  0.0058753  0.0098330  0.0055163 -0.0098330
 -0.0210458  0.0355641 -0.0370686 -0.0088161  0.0176322  0.0050411  0.0363739 -0.0727479 -0.0158193  0.0037737  0.0041372  0.0055163  0.0015586 -0.0031172
 -0.0011322  0.0020407 -0.0026274 -0.0003651  0.0007301  0.0007177  0.0016961 -0.0033921 -0.0037737 -0.0000412  0.0001340  0.0001787  0.0002131 -0.0004263
 -0.0019610  0.0035346 -0.0045507 -0.0010395  0.0012646  0.0008359  0.0053367 -0.0058753 -0.0041372  0.0001340  0.0001135  0.0005954  0.0003692 -0.0004524
 -0.0026146  0.0047128 -0.0060676 -0.0007073  0.0020255  0.0011145  0.0031172 -0.0098330 -0.0055163  0.0001787  0.0005954  0.0004608  0.0002540 -0.0007224
 -0.0013073  0.0023564 -0.0030338 -0.0003536  0.0011145  0.0003536  0.0015586 -0.0055163 -0.0015586  0.0002131  0.0003692  0.0002540  0.0000799 -0.0002540
  0.0026146 -0.0047128  0.0060676  0.0011145 -0.0020255 -0.0007073 -0.0055163  0.0098330  0.0031172 -0.0004263 -0.0004524 -0.0007224 -0.0002540  0.0004608
global index=1  local index=9 (global=1, Rn=213)
  0.0116402 -0.0211984  0.0280631  0.0085395 -0.0042698 -0.0042698 -0.0420917  0.0210458  0.0210458 -0.0011322  0.0019610 -0.0026146 -0.0026146  0.0013073
 -0.0211984  0.0371781 -0.0439994 -0.0160025  0.0080012  0.0080012  0.0711283 -0.0355641 -0.0355641  0.0020407 -0.0035346  0.0047128  0.0047128 -0.0023564
  0.0280631 -0.0439994  0.0336252  0.0227006 -0.0113503 -0.0113503 -0.0741372  0.0370686  0.0370686 -0.0026274  0.0045507 -0.0060676 -0.0060676  0.0030338
 -0.0085395  0.0160025 -0.0227006 -0.0059521  0.0032771  0.0032771  0.0314894 -0.0176322 -0.0176322  0.0007301 -0.0012646  0.0020255  0.0020255 -0.0011145
  0.0042698 -0.0080012  0.0113503  0.0032771 -0.0010365 -0.0016385 -0.0176322  0.0050411  0.0088161 -0.0003651  0.0010395 -0.0007073 -0.0011145  0.0003536
  0.0042698 -0.0080012  0.0113503  0.0032771 -0.0016385 -0.0010365 -0.0176322  0.0088161  0.0050411 -0.0007177  0.0008359 -0.0011145 -0.0007073  0.0003536
  0.0420917 -0.0711283  0.0741372  0.0314894 -0.0176322 -0.0176322 -0.1249411  0.0727479  0.0727479 -0.0033921  0.0058753 -0.0098330 -0.0098330  0.0055163
 -0.0210458  0.0355641 -0.0370686 -0.0176322  0.0050411  0.0088161  0.0727479 -0.0158193 -0.0363739  0.0016961 -0.0053367  0.0031172  0.0055163 -0.0015586
 -0.0210458  0.0355641 -0.0370686 -0.0176322  0.0088161  0.0050411  0.0727479 -0.0363739 -0.0158193  0.0037737 -0.0041372  0.0055163  0.0031172 -0.0015586
 -0.0011322  0.0020407 -0.0026274 -0.0007301  0.0003651  0.0007177  0.0033921 -0.0016961 -0.0037737 -0.0000412 -0.0001340  0.0001787  0.0004263 -0.0002131
  0.0019610 -0.0035346  0.0045507  0.0012646 -0.0010395 -0.0008359 -0.0058753  0.0053367  0.0041372 -0.0001340  0.0001135 -0.0005954 -0.0004524  0.0003692
 -0.0026146  0.0047128 -0.0060676 -0.0020255  0.0007073  0.0011145  0.0098330 -0.0031172 -0.0055163  0.0001787 -0.0005954  0.0004608  0.0007224 -0.0002540
 -0.0026146  0.0047128 -0.0060676 -0.0020255  0.0011145  0.0007073  0.0098330 -0.0055163 -0.0031172  0.0004263 -0.0004524  0.0007224  0.0004608 -0.0002540
  0.0013073 -0.0023564  0.0030338  0.0011145 -0.0003536 -0.0003536 -0.0055163  0.0015586  0.0015586 -0.0002131  0.0003692 -0.0002540 -0.0002540  0.0000799
global index=1  local index=10 (global=1, Rn=214)
  0.0000422 -0.0000990  0.0002270  0.0000252 -0.0000000 -0.0000084 -0.0002751  0.0000000  0.0000917 -0.0000062  0.0000138 -0.0000000 -0.0000092 -0.0000000
 -0.0000990  0.0002323 -0.0005322 -0.0000591  0.0000000  0.0000197  0.0006454 -0.0000000 -0.0002151  0.0000145 -0.0000323  0.0000000  0.0000216  0.0000000
  0.0002270 -0.0005322  0.0012192  0.0001356  0.0000000 -0.0000452 -0.0014789  0.0000000  0.0004930 -0.0000333  0.0000741 -0.0000000 -0.0000494 -0.0000000
 -0.0000252  0.0000591 -0.0001356 -0.0000149  0.0000000  0.0000050  0.0001639 -0.0000000 -0.0000556  0.0000036 -0.0000082  0.0000000  0.0000056  0.0000000
 -0.0000000  0.0000000 -0.0000000 -0.0000000  0.0000002 -0.0000000  0.0000000 -0.0000028 -0.0000000 -0.0000000  0.0000000  0.0000003  0.0000000 -0.0000001
  0.0000084 -0.0000197  0.0000452  0.0000050 -0.0000000 -0.0000014 -0.0000556  0.0000000  0.0000157 -0.0000014  0.0000028 -0.0000000 -0.0000016  0.0000000
  0.0002751 -0.0006454  0.0014789  0.0001639  0.0000000 -0.0000556 -0.0017904  0.0000000  0.0006075 -0.0000398  0.0000896 -0.0000000 -0.0000608  0.0000000
 -0.0000000 -0.0000000 -0.0000000 -0.0000000 -0.0000028 -0.0000000 -0.0000000  0.0000322 -0.0000000 -0.0000000 -0.0000000 -0.0000032 -0.0000000  0.0000011
 -0.0000917  0.0002151 -0.0004930 -0.0000556 -0.0000000  0.0000157  0.0006075  0.0000000 -0.0001703  0.0000151 -0.0000309  0.0000000  0.0000174  0.0000000
 -0.0000062  0.0000145 -0.0000333 -0.0000036  0.0000000  0.0000014  0.0000398  0.0000000 -0.0000151  0.0000008 -0.0000020  0.0000000  0.0000015  0.0000000
  0.0000138 -0.0000323  0.0000741  0.0000082 -0.0000000 -0.0000028 -0.0000896 -0.0000000  0.0000309 -0.0000020  0.0000045  0.0000000 -0.0000031 -0.0000000
  0.0000000 -0.0000000  0.0000000  0.0000000 -0.0000003  0.0000000 -0.0000000  0.0000032 -0.0000000 -0.0000000  0.0000000 -0.0000003  0.0000000  0.0000001
 -0.0000092  0.0000216 -0.0000494 -0.0000056  0.0000000  0.0000016  0.0000608 -0.0000000 -0.0000174  0.0000015 -0.0000031 -0.0000000  0.0000018 -0.0000000
 -0.0000000  0.0000000 -0.0000000 -0.0000000  0.0000001  0.0000000  0.0000000 -0.0000011  0.0000000 -0.0000000  0.0000000  0.0000001  0.0000000 -0.0000000
global index=1  local index=11 (global=1, Rn=220)
  0.0000422 -0.0000990  0.0002270  0.0000084 -0.0000252 -0.0000000 -0.0000917  0.0002751  0.0000000 -0.0000088 -0.0000123 -0.0000092  0.0000000  0.0000000
 -0.0000990  0.0002323 -0.0005322 -0.0000197  0.0000591 -0.0000000  0.0002151 -0.0006454 -0.0000000  0.0000207  0.0000287  0.0000216  0.0000000 -0.0000000
  0.0002270 -0.0005322  0.0012192  0.0000452 -0.0001356  0.0000000 -0.0004930  0.0014789 -0.0000000 -0.0000475 -0.0000659 -0.0000494  0.0000000 -0.0000000
 -0.0000084  0.0000197 -0.0000452 -0.0000014  0.0000050  0.0000000  0.0000157 -0.0000556  0.0000000  0.0000018  0.0000026  0.0000016 -0.0000000  0.0000000
  0.0000252 -0.0000591  0.0001356  0.0000050 -0.0000149 -0.0000000 -0.0000556  0.0001639  0.0000000 -0.0000053 -0.0000073 -0.0000056  0.0000000 -0.0000000
 -0.0000000 -0.0000000  0.0000000 -0.0000000  0.0000000  0.0000002 -0.0000000 -0.0000000 -0.0000028  0.0000000 -0.0000000 -0.0000000  0.0000001 -0.0000003
  0.0000917 -0.0002151  0.0004930  0.0000157 -0.0000556  0.0000000 -0.0001703  0.0006075  0.0000000 -0.0000192 -0.0000286 -0.0000174  0.0000000 -0.0000000
 -0.0002751  0.0006454 -0.0014789 -0.0000556  0.0001639 -0.0000000  0.0006075 -0.0017904  0.0000000  0.0000577  0.0000793  0.0000608  0.0000000 -0.0000000
 -0.0000000  0.0000000 -0.0000000 -0.0000000  0.0000000 -0.0000028  0.0000000 -0.0000000  0.0000322 -0.0000000  0.0000000 -0.0000000 -0.0000011  0.0000032
 -0.0000088  0.0000207 -0.0000475 -0.0000018  0.0000053 -0.0000000  0.0000192 -0.0000577 -0.0000000  0.0000019  0.0000026  0.0000019 -0.0000000  0.0000000
 -0.0000123  0.0000287 -0.0000659 -0.0000026  0.0000073 -0.0000000  0.0000286 -0.0000793 -0.0000000  0.0000026  0.0000034  0.0000028 -0.0000000 -0.0000000
 -0.0000092  0.0000216 -0.0000494 -0.0000016  0.0000056  0.0000000  0.0000174 -0.0000608  0.0000000  0.0000019  0.0000028  0.0000018 -0.0000000 -0.0000000
  0.0000000  0.0000000 -0.0000000 -0.0000000 -0.0000000 -0.0000001 -0.0000000 -0.0000000  0.0000011  0.0000000  0.0000000  0.0000000 -0.0000000  0.0000001
  0.0000000  0.0000000  0.0000000 -0.0000000 -0.0000000  0.0000003  0.0000000  0.0000000 -0.0000032 -0.0000000 -0.0000000  0.0000000  0.0000001 -0.0000003
global index=1  local index=12 (global=1, Rn=221)
  0.0013383 -0.0028697  0.0054904  0.0007255 -0.0007255  0.0000000 -0.0056446  0.0056446  0.0000000 -0.0002682  0.0000000 -0.0004646  0.0000000 -0.0000000
 -0.0028697  0.0061200 -0.0115528 -0.0015699  0.0015699 -0.0000000  0.0119859 -0.0119859  0.0000000  0.0005736  0.0000000  0.0009935 -0.0000000 -0.0000000
  0.0054904 -0.0115528  0.0210815  0.0030703 -0.0030703 -0.0000000 -0.0223882  0.0223882  0.0000000 -0.0010900  0.0000000 -0.0018880 -0.0000000 -0.0000000
 -0.0007255  0.0015699 -0.0030703 -0.0003738  0.0004021 -0.0000000  0.0029908 -0.0032392  0.0000000  0.0001466  0.0000196  0.0002539  0.0000000 -0.0000000
  0.0007255 -0.0015699  0.0030703  0.0004021 -0.0003738 -0.0000000 -0.0032392  0.0029908  0.0000000 -0.0001466  0.0000196 -0.0002539 -0.0000000  0.0000000
  0.0000000 -0.0000000 -0.0000000  0.0000000  0.0000000  0.0000283 -0.0000000  0.0000000 -0.0002484  0.0000000 -0.0000000  0.0000000  0.0000196 -0.0000196
  0.0056446 -0.0119859  0.0223882  0.0029908 -0.0032392 -0.0000000 -0.0223856  0.0244896  0.0000000 -0.0011308 -0.0001676 -0.0019586 -0.0000000  0.0000000
 -0.0056446  0.0119859 -0.0223882 -0.0032392  0.0029908  0.0000000  0.0244896 -0.0223856 -0.0000000  0.0011308 -0.0001676  0.0019586  0.0000000 -0.0000000
 -0.0000000  0.0000000 -0.0000000 -0.0000000 -0.0000000 -0.0002484 -0.0000000 -0.0000000  0.0021040  0.0000000 -0.0000000  0.0000000 -0.0001676  0.0001676
 -0.0002682  0.0005736 -0.0010900 -0.0001466  0.0001466  0.0000000  0.0011308 -0.0011308  0.0000000  0.0000550  0.0000000  0.0000938  0.0000000 -0.0000000
  0.0000000 -0.0000000  0.0000000 -0.0000196 -0.0000196 -0.0000000  0.0001676  0.0001676  0.0000000  0.0000000 -0.0000267  0.0000000  0.0000000  0.0000000
 -0.0004646  0.0009935 -0.0018880 -0.0002539  0.0002539  0.0000000  0.0019586 -0.0019586 -0.0000000  0.0000938 -0.0000000  0.0001634 -0.0000000  0.0000000
  0.0000000  0.0000000  0.0000000  0.0000000  0.0000000 -0.0000196  0.0000000  0.0000000  0.0001676 -0.0000000 -0.0000000 -0.0000000 -0.0000129  0.0000138
 -0.0000000 -0.0000000 -0.0000000  0.0000000  0.0000000  0.0000196 -0.0000000  0.0000000 -0.0001676 -0.0000000  0.0000000 -0.0000000  0.0000138 -0.0000129
global index=1  local index=13 (global=1, Rn=222)
  0.0000422 -0.0000990  0.0002270  0.0000252 -0.0000084 -0.0000000 -0.0002751  0.0000917  0.0000000 -0.0000088  0.0000123 -0.0000092  0.0000000  0.0000000
 -0.0000990  0.0002323 -0.0005322 -0.0000591  0.0000197 -0.0000000  0.0006454 -0.0002151  0.0000000  0.0000207 -0.0000287  0.0000216  0.0000000  0.0000000
  0.0002270 -0.0005322  0.0012192  0.0001356 -0.0000452  0.0000000 -0.0014789  0.0004930 -0.0000000 -0.0000475  0.0000659 -0.0000494  0.0000000 -0.0000000
 -0.0000252  0.0000591 -0.0001356 -0.0000149  0.0000050  0.0000000  0.0001639 -0.0000556  0.0000000  0.0000053 -0.0000073  0.0000056 -0.0000000  0.0000000
  0.0000084 -0.0000197  0.0000452  0.0000050 -0.0000014  0.0000000 -0.0000556  0.0000157  0.0000000 -0.0000018  0.0000026 -0.0000016 -0.0000000 -0.0000000
 -0.0000000 -0.0000000  0.0000000 -0.0000000 -0.0000000  0.0000002 -0.0000000  0.0000000 -0.0000028  0.0000000 -0.0000000  0.0000000  0.0000003 -0.0000001
  0.0002751 -0.0006454  0.0014789  0.0001639 -0.0000556  0.0000000 -0.0017904  0.0006075  0.0000000 -0.0000577  0.0000793 -0.0000608  0.0000000 -0.0000000
 -0.0000917  0.0002151 -0.0004930 -0.0000556  0.0000157 -0.0000000  0.0006075 -0.0001703 -0.0000000  0.0000192 -0.0000286  0.0000174 -0.0000000 -0.0000000
  0.0000000  0.0000000 -0.0000000  0.0000000 -0.0000000 -0.0000028  0.0000000 -0.0000000  0.0000322 -0.0000000 -0.0000000  0.0000000 -0.0000032  0.0000011
 -0.0000088  0.0000207 -0.0000475 -0.0000053  0.0000018  0.0000000  0.0000577 -0.0000192 -0.0000000  0.0000019 -0.0000026  0.0000019  0.0000000  0.0000000
  0.0000123 -0.0000287  0.0000659  0.0000073 -0.0000026 -0.0000000 -0.0000793  0.0000286 -0.0000000 -0.0000026  0.0000034 -0.0000028 -0.0000000 -0.0000000
 -0.0000092  0.0000216 -0.0000494 -0.0000056  0.0000016 -0.0000000  0.0000608 -0.0000174 -0.0000000  0.0000019 -0.0000028  0.0000018 -0.0000000  0.0000000
 -0.0000000  0.0000000 -0.0000000 -0.0000000  0.0000000 -0.0000003  0.0000000 -0.0000000  0.0000032 -0.0000000 -0.0000000  0.0000000 -0.0000003  0.0000001
 -0.0000000 -0.0000000  0.0000000 -0.0000000  0.0000000  0.0000001 -0.0000000 -0.0000000 -0.0000011  0.0000000 -0.0000000 -0.0000000  0.0000001 -0.0000000
global index=1  local index=14 (global=1, Rn=267)
  0.0000422 -0.0000990  0.0002270 -0.0000084 -0.0000000 -0.0000252  0.0000917 -0.0000000  0.0002751  0.0000150  0.0000015 -0.0000000  0.0000092 -0.0000000
 -0.0000990  0.0002323 -0.0005322  0.0000197 -0.0000000  0.0000591 -0.0002151  0.0000000 -0.0006454 -0.0000353 -0.0000036 -0.0000000 -0.0000216  0.0000000
  0.0002270 -0.0005322  0.0012192 -0.0000452 -0.0000000 -0.0001356  0.0004930 -0.0000000  0.0014789  0.0000808  0.0000082 -0.0000000  0.0000494 -0.0000000
  0.0000084 -0.0000197  0.0000452 -0.0000014  0.0000000 -0.0000050  0.0000157  0.0000000  0.0000556  0.0000031  0.0000002 -0.0000000  0.0000016  0.0000000
 -0.0000000 -0.0000000 -0.0000000 -0.0000000  0.0000002 -0.0000000  0.0000000 -0.0000028 -0.0000000  0.0000000 -0.0000000 -0.0000001 -0.0000000 -0.0000003
  0.0000252 -0.0000591  0.0001356 -0.0000050  0.0000000 -0.0000149  0.0000556 -0.0000000  0.0001639  0.0000089  0.0000009  0.0000000  0.0000056 -0.0000000
 -0.0000917  0.0002151 -0.0004930  0.0000157 -0.0000000  0.0000556 -0.0001703  0.0000000 -0.0006075 -0.0000344 -0.0000024 -0.0000000 -0.0000174  0.0000000
  0.0000000  0.0000000  0.0000000 -0.0000000 -0.0000028 -0.0000000 -0.0000000  0.0000322  0.0000000 -0.0000000  0.0000000  0.0000011  0.0000000  0.0000032
 -0.0002751  0.0006454 -0.0014789  0.0000556 -0.0000000  0.0001639 -0.0006075  0.0000000 -0.0017904 -0.0000975 -0.0000103 -0.0000000 -0.0000608 -0.0000000
  0.0000150 -0.0000353  0.0000808 -0.0000031 -0.0000000 -0.0000089  0.0000344  0.0000000  0.0000975  0.0000053  0.0000006  0.0000000  0.0000034 -0.0000000
  0.0000015 -0.0000036  0.0000082 -0.0000002 -0.0000000 -0.0000009  0.0000024 -0.0000000  0.0000103  0.0000006  0.0000000 -0.0000000  0.0000002  0.0000000
 -0.0000000  0.0000000  0.0000000 -0.0000000  0.0000001  0.0000000  0.0000000 -0.0000011  0.0000000 -0.0000000  0.0000000 -0.0000000 -0.0000000 -0.0000001
  0.0000092 -0.0000216  0.0000494 -0.0000016  0.0000000 -0.0000056  0.0000174 -0.0000000  0.0000608  0.0000034  0.0000002  0.0000000  0.0000018 -0.0000000
 -0.0000000 -0.0000000 -0.0000000 -0.0000000  0.0000003  0.0000000 -0.0000000 -0.0000032 -0.0000000  0.0000000 -0.0000000 -0.0000001 -0.0000000 -0.0000003
global index=1  local index=15 (global=1, Rn=268)
  0.0000422 -0.0000990  0.0002270  0.0000000  0.0000084 -0.0000252 -0.0000000 -0.0000917  0.0002751  0.0000150 -0.0000015  0.0000000 -0.0000000 -0.0000092
 -0.0000990  0.0002323 -0.0005322  0.0000000 -0.0000197  0.0000591 -0.0000000  0.0002151 -0.0006454 -0.0000353  0.0000036  0.0000000  0.0000000  0.0000216
  0.0002270 -0.0005322  0.0012192  0.0000000  0.0000452 -0.0001356  0.0000000 -0.0004930  0.0014789  0.0000808 -0.0000082  0.0000000  0.0000000 -0.0000494
  0.0000000 -0.0000000 -0.0000000  0.0000002  0.0000000  0.0000000 -0.0000028  0.0000000  0.0000000  0.0000000 -0.0000000  0.0000001 -0.0000003  0.0000000
 -0.0000084  0.0000197 -0.0000452  0.0000000 -0.0000014  0.0000050  0.0000000  0.0000157 -0.0000556 -0.0000031  0.0000002  0.0000000  0.0000000  0.0000016
  0.0000252 -0.0000591  0.0001356  0.0000000  0.0000050 -0.0000149  0.0000000 -0.0000556  0.0001639  0.0000089 -0.0000009  0.0000000  0.0000000 -0.0000056
  0.0000000 -0.0000000  0.0000000 -0.0000028 -0.0000000  0.0000000  0.0000322  0.0000000 -0.0000000  0.0000000 -0.0000000 -0.0000011  0.0000032  0.0000000
  0.0000917 -0.0002151  0.0004930 -0.0000000  0.0000157 -0.0000556 -0.0000000 -0.0001703  0.0006075  0.0000344 -0.0000024  0.0000000  0.0000000 -0.0000174
 -0.0002751  0.0006454 -0.0014789  0.0000000 -0.0000556  0.0001639  0.0000000  0.0006075 -0.0017904 -0.0000975  0.0000103 -0.0000000  0.0000000  0.0000608
  0.0000150 -0.0000353  0.0000808  0.0000000  0.0000031 -0.0000089  0.0000000 -0.0000344  0.0000975  0.0000053 -0.0000006  0.0000000  0.0000000 -0.0000034
 -0.0000015  0.0000036 -0.0000082  0.0000000 -0.0000002  0.0000009  0.0000000  0.0000024 -0.0000103 -0.0000006  0.0000000  0.0000000  0.0000000  0.0000002
 -0.0000000  0.0000000 -0.0000000 -0.0000001  0.0000000  0.0000000  0.0000011 -0.0000000 -0.0000000  0.0000000  0.0000000 -0.0000000  0.0000001  0.0000000
 -0.0000000  0.0000000  0.0000000  0.0000003  0.0000000 -0.0000000 -0.0000032 -0.0000000  0.0000000  0.0000000 -0.0000000  0.0000001 -0.0000003  0.0000000
 -0.0000092  0.0000216 -0.0000494 -0.0000000 -0.0000016  0.0000056 -0.0000000  0.0000174 -0.0000608 -0.0000034  0.0000002  0.0000000 -0.0000000  0.0000018
global index=1  local index=16 (global=1, Rn=274)
 -0.0000000  0.0000000 -0.0000000  0.0000000  0.0000000  0.0000000 -0.0000000 -0.0000000 -0.0000000  0.0000000 -0.0000000 -0.0000000 -0.0000000 -0.0000000
  0.0000000 -0.0000000  0.0000000 -0.0000000 -0.0000000 -0.0000000  0.0000000  0.0000000  0.0000000 -0.0000000  0.0000000  0.0000000  0.0000000  0.0000000
 -0.0000000  0.0000000 -0.0000000  0.0000000  0.0000000  0.0000000  0.0000000  0.0000000  0.0000000 -0.0000000  0.0000000  0.0000000  0.0000000  0.0000000
 -0.0000000  0.0000000 -0.0000000  0.0000000  0.0000000  0.0000000 -0.0000000 -0.0000000 -0.0000000 -0.0000000  0.0000000 -0.0000000 -0.0000000 -0.0000000
 -0.0000000  0.0000000 -0.0000000  0.0000000  0.0000000  0.0000000 -0.0000000 -0.0000000 -0.0000000 -0.0000000 -0.0000000 -0.0000000 -0.0000000 -0.0000000
 -0.0000000  0.0000000 -0.0000000  0.0000000  0.0000000  0.0000000 -0.0000000 -0.0000000 -0.0000000  0.0000000 -0.0000000 -0.0000000 -0.0000000 -0.0000000
  0.0000000 -0.0000000 -0.0000000 -0.0000000 -0.0000000 -0.0000000 -0.0000000  0.0000000  0.0000000  0.0000000 -0.0000000  0.0000000  0.0000000  0.0000000
  0.0000000 -0.0000000 -0.0000000 -0.0000000 -0.0000000 -0.0000000  0.0000000 -0.0000000  0.0000000  0.0000000  0.0000000  0.0000000  0.0000000  0.0000000
  0.0000000 -0.0000000 -0.0000000 -0.0000000 -0.0000000 -0.0000000  0.0000000  0.0000000 -0.0000000 -0.0000000 -0.0000000  0.0000000  0.0000000  0.0000000
 -0.0000000  0.0000000  0.0000000  0.0000000  0.0000000 -0.0000000 -0.0000000 -0.0000000  0.0000000  0.0000000 -0.0000000 -0.0000000  0.0000000  0.0000000
  0.0000000  0.0000000 -0.0000000 -0.0000000  0.0000000  0.0000000  0.0000000 -0.0000000  0.0000000  0.0000000  0.0000000 -0.0000000  0.0000000 -0.0000000
 -0.0000000  0.0000000  0.0000000  0.0000000  0.0000000  0.0000000 -0.0000000 -0.0000000 -0.0000000 -0.0000000 -0.0000000 -0.0000000 -0.0000000 -0.0000000
 -0.0000000  0.0000000  0.0000000  0.0000000  0.0000000  0.0000000 -0.0000000 -0.0000000 -0.0000000  0.0000000  0.0000000 -0.0000000 -0.0000000 -0.0000000
 -0.0000000  0.0000000  0.0000000  0.0000000  0.0000000  0.0000000 -0.0000000 -0.0000000 -0.0000000  0.0000000 -0.0000000 -0.0000000 -0.0000000 -0.0000000
global index=1  local index=17 (global=1, Rn=275)
  0.0116402 -0.0211984  0.0280631 -0.0042698 -0.0042698 -0.0085395  0.0210458  0.0210458  0.0420917  0.0022643 -0.0000000  0.0013073  0.0026146  0.0026146
 -0.0211984  0.0371781 -0.0439994  0.0080012  0.0080012  0.0160025 -0.0355641 -0.0355641 -0.0711283 -0.0040814  0.0000000 -0.0023564 -0.0047128 -0.0047128
  0.0280631 -0.0439994  0.0336252 -0.0113503 -0.0113503 -0.0227006  0.0370686  0.0370686  0.0741372  0.0052547  0.0000000  0.0030338  0.0060676  0.0060676
  0.0042698 -0.0080012  0.0113503 -0.0010365 -0.0016385 -0.0032771  0.0050411  0.0088161  0.0176322  0.0010828 -0.0002036  0.0003536  0.0007073  0.0011145
  0.0042698 -0.0080012  0.0113503 -0.0016385 -0.0010365 -0.0032771  0.0088161  0.0050411  0.0176322  0.0010828  0.0002036  0.0003536  0.0011145  0.0007073
  0.0085395 -0.0160025  0.0227006 -0.0032771 -0.0032771 -0.0059521  0.0176322  0.0176322  0.0314894  0.0014602 -0.0000000  0.0011145  0.0020255  0.0020255
 -0.0210458  0.0355641 -0.0370686  0.0050411  0.0088161  0.0176322 -0.0158193 -0.0363739 -0.0727479 -0.0054698  0.0011995 -0.0015586 -0.0031172 -0.0055163
 -0.0210458  0.0355641 -0.0370686  0.0088161  0.0050411  0.0176322 -0.0363739 -0.0158193 -0.0727479 -0.0054698 -0.0011995 -0.0015586 -0.0055163 -0.0031172
 -0.0420917  0.0711283 -0.0741372  0.0176322  0.0176322  0.0314894 -0.0727479 -0.0727479 -0.1249411 -0.0067842  0.0000000 -0.0055163 -0.0098330 -0.0098330
  0.0022643 -0.0040814  0.0052547 -0.0010828 -0.0010828 -0.0014602  0.0054698  0.0054698  0.0067842  0.0001909  0.0000000  0.0004263  0.0006050  0.0006050
 -0.0000000 -0.0000000  0.0000000  0.0002036 -0.0002036 -0.0000000 -0.0011995  0.0011995  0.0000000  0.0000000 -0.0001186  0.0000000 -0.0001430  0.0001430
  0.0013073 -0.0023564  0.0030338 -0.0003536 -0.0003536 -0.0011145  0.0015586  0.0015586  0.0055163  0.0004263  0.0000000  0.0000799  0.0002540  0.0002540
  0.0026146 -0.0047128  0.0060676 -0.0007073 -0.0011145 -0.0020255  0.0031172  0.0055163  0.0098330  0.0006050 -0.0001430  0.0002540  0.0004608  0.0007224
  0.0026146 -0.0047128  0.0060676 -0.0011145 -0.0007073 -0.0020255  0.0055163  0.0031172  0.0098330  0.0006050  0.0001430  0.0002540  0.0007224  0.0004608
