MPI startup(): Warning: I_MPI_PMI_LIBRARY will be ignored since the hydra process manager was found

Read the scfout file (openmx.scfout)
***
The file format of the SCFOUT file:  3
And it supports the following functions:
- jx
- polB
- kSpin
- Z2FH
- calB
***
atomnum=1
Catomnum=0
Latomnum=0
Ratomnum=0


Kohn-Sham Hamiltonian spin=0
global index=1  local index=0 (global=1, Rn=0)
-0.3772454  0.1038017  0.0547649  0.0000000 -0.0000000 -0.0000000  0.0000000 -0.0000000 -0.0000000  0.0000000 -0.0000000  0.0003042  0.0003042  0.0003042 
 0.1038017  0.5481507  0.0950195 -0.0000000 -0.0000000  0.0000000 -0.0000000  0.0000000 -0.0000000 -0.0000000  0.0000000  0.0002627  0.0002627  0.0002627 
 0.0547649  0.0950195  0.9607745 -0.0000000  0.0000000 -0.0000000 -0.0000000 -0.0000000 -0.0000000  0.0000000 -0.0000000  0.0000980  0.0000980  0.0000980 
 0.0000000  0.0000000  0.0000000 -0.0098103  0.0004324  0.0004324  0.2522621  0.0001592  0.0001592 -0.0000000  0.0000000 -0.0000000 -0.0000000 -0.0000000 
-0.0000000 -0.0000000  0.0000000  0.0004324 -0.0098103  0.0004324  0.0001592  0.2522621  0.0001592  0.0000000  0.0000000  0.0000000 -0.0000000 -0.0000000 
 0.0000000  0.0000000 -0.0000000  0.0004324  0.0004324 -0.0098103  0.0001592  0.0001592  0.2522621  0.0000000 -0.0000000 -0.0000000  0.0000000 -0.0000000 
 0.0000000  0.0000000  0.0000000  0.2522621  0.0001592  0.0001592  0.2351642 -0.0001403 -0.0001403 -0.0000000  0.0000000  0.0000000 -0.0000000 -0.0000000 
-0.0000000  0.0000000 -0.0000000  0.0001592  0.2522621  0.0001592 -0.0001403  0.2351642 -0.0001403  0.0000000  0.0000000  0.0000000  0.0000000 -0.0000000 
-0.0000000 -0.0000000 -0.0000000  0.0001592  0.0001592  0.2522621 -0.0001403 -0.0001403  0.2351642 -0.0000000 -0.0000000 -0.0000000  0.0000000 -0.0000000 
 0.0000000 -0.0000000  0.0000000  0.0000000  0.0000000  0.0000000 -0.0000000  0.0000000 -0.0000000 -0.3382759  0.0000000 -0.0007028  0.0003514  0.0003514 
-0.0000000  0.0000000 -0.0000000 -0.0000000  0.0000000 -0.0000000  0.0000000  0.0000000 -0.0000000  0.0000000 -0.3382759 -0.0000000  0.0006087 -0.0006087 
 0.0003042  0.0002627  0.0000980 -0.0000000 -0.0000000 -0.0000000  0.0000000  0.0000000 -0.0000000 -0.0007028 -0.0000000 -0.3403794 -0.0005177 -0.0005177 
 0.0003042  0.0002627  0.0000980 -0.0000000 -0.0000000 -0.0000000 -0.0000000  0.0000000  0.0000000  0.0003514  0.0006087 -0.0005177 -0.3403794 -0.0005177 
 0.0003042  0.0002627  0.0000980 -0.0000000 -0.0000000 -0.0000000 -0.0000000 -0.0000000 -0.0000000  0.0003514 -0.0006087 -0.0005177 -0.0005177 -0.3403794 
global index=1  local index=1 (global=1, Rn=132)
-0.0000000  0.0000000 -0.0000001  0.0000000 -0.0000000 -0.0000000 -0.0000001  0.0000001  0.0000001  0.0000000  0.0000000  0.0000000  0.0000000 -0.0000000 
 0.0000000 -0.0000001  0.0000003 -0.0000001  0.0000001  0.0000001  0.0000002 -0.0000002 -0.0000002  0.0000000 -0.0000000 -0.0000000 -0.0000000  0.0000000 
-0.0000001  0.0000003 -0.0000005  0.0000001 -0.0000001 -0.0000001 -0.0000005  0.0000005  0.0000005  0.0000000  0.0000000  0.0000001  0.0000001 -0.0000001 
-0.0000000  0.0000001 -0.0000001 -0.0000000  0.0000000  0.0000000 -0.0000000  0.0000000  0.0000000 -0.0000000  0.0000000  0.0000000  0.0000000 -0.0000000 
 0.0000000 -0.0000001  0.0000001  0.0000000 -0.0000000 -0.0000000  0.0000000 -0.0000000 -0.0000000  0.0000000  0.0000000 -0.0000000 -0.0000000  0.0000000 
 0.0000000 -0.0000001  0.0000001  0.0000000 -0.0000000 -0.0000000  0.0000000 -0.0000000 -0.0000000 -0.0000000  0.0000000 -0.0000000 -0.0000000  0.0000000 
 0.0000001 -0.0000002  0.0000005 -0.0000000  0.0000000  0.0000000  0.0000004 -0.0000005 -0.0000005  0.0000000 -0.0000000 -0.0000001 -0.0000001  0.0000001 
-0.0000001  0.0000002 -0.0000005  0.0000000 -0.0000000 -0.0000000 -0.0000005  0.0000004  0.0000005 -0.0000000 -0.0000000  0.0000001  0.0000001 -0.0000001 
-0.0000001  0.0000002 -0.0000005  0.0000000 -0.0000000 -0.0000000 -0.0000005  0.0000005  0.0000004  0.0000000  0.0000000  0.0000001  0.0000001 -0.0000001 
 0.0000000  0.0000000  0.0000000  0.0000000 -0.0000000  0.0000000 -0.0000000  0.0000000 -0.0000000  0.0000000  0.0000000  0.0000000 -0.0000000  0.0000000 
-0.0000000  0.0000000 -0.0000000 -0.0000000 -0.0000000  0.0000000  0.0000000  0.0000000  0.0000000 -0.0000000  0.0000000  0.0000000 -0.0000000 -0.0000000 
 0.0000000 -0.0000000  0.0000001 -0.0000000  0.0000000  0.0000000  0.0000001 -0.0000001 -0.0000001  0.0000000 -0.0000000  0.0000000 -0.0000000  0.0000000 
 0.0000000 -0.0000000  0.0000001 -0.0000000  0.0000000  0.0000000  0.0000001 -0.0000001 -0.0000001 -0.0000000 -0.0000000 -0.0000000  0.0000000  0.0000000 
-0.0000000  0.0000000 -0.0000001  0.0000000 -0.0000000 -0.0000000 -0.0000001  0.0000001  0.0000001  0.0000000 -0.0000000  0.0000000  0.0000000  0.0000000 
global index=1  local index=2 (global=1, Rn=195)
-0.0003929  0.0008715 -0.0018411 -0.0000000 -0.0000984 -0.0002581  0.0000000  0.0007770  0.0023528 -0.0001282  0.0000188  0.0000000 -0.0000000 -0.0000826 
 0.0008715 -0.0019230  0.0040454  0.0000000  0.0002268  0.0005806 -0.0000000 -0.0017679 -0.0051903  0.0002821 -0.0000427 -0.0000000  0.0000000  0.0001872 
-0.0018411  0.0040454 -0.0084085 -0.0000000 -0.0005015 -0.0012361  0.0000000  0.0038582  0.0108450 -0.0005836  0.0000924  0.0000000 -0.0000000 -0.0004172 
 0.0000000 -0.0000000  0.0000000 -0.0000034  0.0000000 -0.0000000  0.0000390 -0.0000000  0.0000000 -0.0000000 -0.0000000 -0.0000013 -0.0000035  0.0000000 
 0.0000984 -0.0002268  0.0005015  0.0000000  0.0000131  0.0000653 -0.0000000 -0.0001250 -0.0006467  0.0000380 -0.0000021 -0.0000000  0.0000000  0.0000130 
 0.0002581 -0.0005806  0.0012361 -0.0000000  0.0000653  0.0001685  0.0000000 -0.0005294 -0.0015682  0.0000855 -0.0000128 -0.0000000 -0.0000000  0.0000571 
-0.0000000  0.0000000 -0.0000000  0.0000390 -0.0000000  0.0000000 -0.0004125  0.0000000 -0.0000000  0.0000000  0.0000000  0.0000123  0.0000410 -0.0000000 
-0.0007770  0.0017679 -0.0038582 -0.0000000 -0.0001250 -0.0005294  0.0000000  0.0011632  0.0050272 -0.0002968  0.0000097 -0.0000000 -0.0000000 -0.0001222 
-0.0023528  0.0051903 -0.0108450  0.0000000 -0.0006467 -0.0015682 -0.0000000  0.0050272  0.0139197 -0.0007505  0.0001247  0.0000000 -0.0000000 -0.0005377 
-0.0001282  0.0002821 -0.0005836  0.0000000 -0.0000380 -0.0000855 -0.0000000  0.0002968  0.0007505 -0.0000391  0.0000079  0.0000000  0.0000000 -0.0000314 
 0.0000188 -0.0000427  0.0000924  0.0000000  0.0000021  0.0000128 -0.0000000 -0.0000097 -0.0001247  0.0000079 -0.0000002  0.0000000  0.0000000  0.0000016 
 0.0000000 -0.0000000  0.0000000  0.0000013  0.0000000  0.0000000 -0.0000123  0.0000000 -0.0000000  0.0000000  0.0000000  0.0000001  0.0000014  0.0000000 
-0.0000000  0.0000000 -0.0000000  0.0000035 -0.0000000  0.0000000 -0.0000410  0.0000000  0.0000000  0.0000000  0.0000000  0.0000014  0.0000037 -0.0000000 
-0.0000826  0.0001872 -0.0004172 -0.0000000 -0.0000130 -0.0000571  0.0000000  0.0001222  0.0005377 -0.0000314  0.0000016  0.0000000 -0.0000000 -0.0000123 
global index=1  local index=3 (global=1, Rn=196)
-0.0003928  0.0008712 -0.0018404  0.0000984 -0.0000000 -0.0002580 -0.0007767  0.0000000  0.0023519 -0.0001282 -0.0000188  0.0000000  0.0000826  0.0000000 
 0.0008712 -0.0019222  0.0040435 -0.0002267  0.0000000  0.0005804  0.0017671 -0.0000000 -0.0051880  0.0002820  0.0000427 -0.0000000 -0.0001871 -0.0000000 
-0.0018404  0.0040435 -0.0084042  0.0005013 -0.0000000 -0.0012356 -0.0038565  0.0000000  0.0108398 -0.0005833 -0.0000923  0.0000000  0.0004170  0.0000000 
-0.0000984  0.0002267 -0.0005013  0.0000131  0.0000000 -0.0000653 -0.0001249 -0.0000000  0.0006465 -0.0000380 -0.0000021 -0.0000000  0.0000130  0.0000000 
 0.0000000 -0.0000000  0.0000000  0.0000000 -0.0000034  0.0000000 -0.0000000  0.0000390 -0.0000000  0.0000000 -0.0000000  0.0000013  0.0000000 -0.0000035 
 0.0002580 -0.0005804  0.0012356 -0.0000653  0.0000000  0.0001684  0.0005292 -0.0000000 -0.0015676  0.0000854  0.0000128 -0.0000000 -0.0000570 -0.0000000 
 0.0007767 -0.0017671  0.0038565 -0.0001249 -0.0000000  0.0005292  0.0011626  0.0000000 -0.0050251  0.0002967  0.0000097 -0.0000000 -0.0001222 -0.0000000 
-0.0000000  0.0000000 -0.0000000 -0.0000000  0.0000390 -0.0000000  0.0000000 -0.0004124  0.0000000 -0.0000000  0.0000000 -0.0000123 -0.0000000  0.0000410 
-0.0023519  0.0051880 -0.0108398  0.0006465 -0.0000000 -0.0015676 -0.0050251  0.0000000  0.0139134 -0.0007502 -0.0001247  0.0000000  0.0005375 -0.0000000 
-0.0001282  0.0002820 -0.0005833  0.0000380 -0.0000000 -0.0000854 -0.0002967  0.0000000  0.0007502 -0.0000391 -0.0000079  0.0000000  0.0000314 -0.0000000 
-0.0000188  0.0000427 -0.0000923  0.0000021  0.0000000 -0.0000128 -0.0000097 -0.0000000  0.0001247 -0.0000079 -0.0000002 -0.0000000  0.0000016  0.0000000 
 0.0000000 -0.0000000  0.0000000  0.0000000 -0.0000013  0.0000000  0.0000000  0.0000123 -0.0000000  0.0000000 -0.0000000  0.0000001 -0.0000000 -0.0000014 
 0.0000826 -0.0001871  0.0004170 -0.0000130 -0.0000000  0.0000570  0.0001222  0.0000000 -0.0005375  0.0000314  0.0000016 -0.0000000 -0.0000123 -0.0000000 
 0.0000000 -0.0000000  0.0000000 -0.0000000  0.0000035  0.0000000  0.0000000 -0.0000410  0.0000000 -0.0000000  0.0000000 -0.0000014 -0.0000000  0.0000037 
global index=1  local index=4 (global=1, Rn=203)
-0.0022433  0.0038097 -0.0035947 -0.0000001 -0.0015047 -0.0015047 -0.0000002  0.0058254  0.0058254 -0.0002139  0.0003704 -0.0000000 -0.0000000 -0.0007404 
 0.0038097 -0.0066000  0.0064332  0.0000003  0.0024857  0.0024857 -0.0000002 -0.0099430 -0.0099430  0.0003443 -0.0005963  0.0000001  0.0000001  0.0011916 
-0.0035947  0.0064332 -0.0064350 -0.0000009 -0.0021016 -0.0021016  0.0000032  0.0087556  0.0087556 -0.0001971  0.0003414 -0.0000004 -0.0000004 -0.0006780 
 0.0000001 -0.0000003  0.0000009 -0.0000480  0.0000000  0.0000000  0.0005332 -0.0000007 -0.0000007  0.0000000 -0.0000000 -0.0000311 -0.0000311  0.0000000 
 0.0015047 -0.0024857  0.0021016  0.0000000  0.0010237  0.0010716  0.0000004 -0.0035301 -0.0040637  0.0001792 -0.0002483 -0.0000000 -0.0000000  0.0005278 
 0.0015047 -0.0024857  0.0021016  0.0000000  0.0010716  0.0010237  0.0000004 -0.0040637 -0.0035301  0.0001254 -0.0002793 -0.0000000 -0.0000000  0.0005278 
 0.0000002  0.0000002 -0.0000032  0.0005332  0.0000004  0.0000004 -0.0040692  0.0000011  0.0000011  0.0000000 -0.0000000  0.0003158  0.0003158  0.0000001 
-0.0058254  0.0099430 -0.0087556 -0.0000007 -0.0035301 -0.0040637  0.0000011  0.0122676  0.0163504 -0.0007556  0.0006757 -0.0000003 -0.0000003 -0.0016664 
-0.0058254  0.0099430 -0.0087556 -0.0000007 -0.0040637 -0.0035301  0.0000011  0.0163504  0.0122676 -0.0002074  0.0009922 -0.0000003 -0.0000003 -0.0016664 
-0.0002139  0.0003443 -0.0001971 -0.0000000 -0.0001792 -0.0001254 -0.0000000  0.0007556  0.0002074 -0.0000195  0.0000511 -0.0000000 -0.0000000 -0.0000786 
 0.0003704 -0.0005963  0.0003414  0.0000000  0.0002483  0.0002793  0.0000000 -0.0006757 -0.0009922  0.0000511 -0.0000784  0.0000000  0.0000000  0.0001361 
-0.0000000  0.0000001 -0.0000004  0.0000311  0.0000000  0.0000000 -0.0003158  0.0000003  0.0000003 -0.0000000  0.0000000 -0.0000035  0.0000135 -0.0000000 
-0.0000000  0.0000001 -0.0000004  0.0000311  0.0000000  0.0000000 -0.0003158  0.0000003  0.0000003 -0.0000000  0.0000000  0.0000135 -0.0000035 -0.0000000 
-0.0007404  0.0011916 -0.0006780 -0.0000000 -0.0005278 -0.0005278 -0.0000001  0.0016664  0.0016664 -0.0000786  0.0001361 -0.0000000 -0.0000000 -0.0002895 
global index=1  local index=5 (global=1, Rn=204)
-0.0117740  0.0161900 -0.0124555  0.0049656 -0.0049655 -0.0099019 -0.0133507  0.0133503  0.0267369 -0.0022295 -0.0000002  0.0013593  0.0025130 -0.0025133 
 0.0161900 -0.0167685 -0.0004105 -0.0075862  0.0075860  0.0150919  0.0101079 -0.0101072 -0.0201443  0.0030690  0.0000005 -0.0019999 -0.0033562  0.0033568 
-0.0124555 -0.0004105  0.0277078  0.0075520 -0.0075515 -0.0148618  0.0085589 -0.0085598 -0.0178413 -0.0026671 -0.0000009  0.0022779  0.0025099 -0.0025109 
-0.0049656  0.0075862 -0.0075520  0.0011294 -0.0022007 -0.0043422 -0.0035018  0.0068208  0.0152483 -0.0013174  0.0002855  0.0003596  0.0007066 -0.0012780 
 0.0049655 -0.0075860  0.0075515 -0.0022007  0.0011299  0.0043419  0.0068210 -0.0035050 -0.0152466  0.0013172  0.0002854 -0.0003598 -0.0012778  0.0007070 
 0.0099019 -0.0150919  0.0148618 -0.0043422  0.0043419  0.0076559  0.0151104 -0.0151082 -0.0253901  0.0015547  0.0000002 -0.0013359 -0.0022867  0.0022868 
 0.0133507 -0.0101079 -0.0085589 -0.0035018  0.0068210  0.0151104 -0.0019940  0.0010635 -0.0126630  0.0041891 -0.0007420 -0.0009969 -0.0016793  0.0031621 
-0.0133503  0.0101072  0.0085598  0.0068208 -0.0035050 -0.0151082  0.0010635 -0.0019726  0.0126508 -0.0041869 -0.0007418  0.0009977  0.0031606 -0.0016813 
-0.0267369  0.0201443  0.0178413  0.0152483 -0.0152466 -0.0253901 -0.0126630  0.0126508  0.0089571 -0.0038695 -0.0000015  0.0046149  0.0061363 -0.0061368 
-0.0022295  0.0030690 -0.0026671  0.0013174 -0.0013172 -0.0015547 -0.0041891  0.0041869  0.0038695 -0.0000925 -0.0000001  0.0004988  0.0006144 -0.0006142 
-0.0000002  0.0000005 -0.0000009 -0.0002855 -0.0002854 -0.0000002  0.0007420  0.0007418  0.0000015 -0.0000001  0.0001315 -0.0000000 -0.0001581 -0.0001582 
 0.0013593 -0.0019999  0.0022779 -0.0003596  0.0003598  0.0013359  0.0009969 -0.0009977 -0.0046149  0.0004988 -0.0000000 -0.0000755 -0.0002405  0.0002406 
 0.0025130 -0.0033562  0.0025099 -0.0007066  0.0012778  0.0022867  0.0016793 -0.0031606 -0.0061363  0.0006144 -0.0001581 -0.0002405 -0.0004091  0.0006987 
-0.0025133  0.0033568 -0.0025109  0.0012780 -0.0007070 -0.0022868 -0.0031621  0.0016813  0.0061368 -0.0006142 -0.0001582  0.0002406  0.0006987 -0.0004093 
global index=1  local index=6 (global=1, Rn=205)
-0.0022432  0.0038095 -0.0035947  0.0015047  0.0000000 -0.0015047 -0.0058251 -0.0000000  0.0058251 -0.0002138 -0.0003703 -0.0000000  0.0007404 -0.0000000 
 0.0038095 -0.0065997  0.0064337 -0.0024855  0.0000000  0.0024855  0.0099429  0.0000000 -0.0099429  0.0003442  0.0005962  0.0000000 -0.0011915  0.0000000 
-0.0035947  0.0064337 -0.0064395  0.0021013  0.0000000 -0.0021013 -0.0087579 -0.0000000  0.0087579 -0.0001970 -0.0003411 -0.0000000  0.0006781 -0.0000000 
-0.0015047  0.0024855 -0.0021013  0.0010237 -0.0000000 -0.0010715 -0.0035300  0.0000000  0.0040633 -0.0001792 -0.0002482 -0.0000000  0.0005278 -0.0000000 
-0.0000000 -0.0000000 -0.0000000 -0.0000000 -0.0000480 -0.0000000  0.0000000  0.0005336  0.0000000 -0.0000000  0.0000000  0.0000311  0.0000000 -0.0000311 
 0.0015047 -0.0024855  0.0021013 -0.0010715 -0.0000000  0.0010237  0.0040633  0.0000000 -0.0035300  0.0001254  0.0002793  0.0000000 -0.0005278  0.0000000 
 0.0058251 -0.0099429  0.0087579 -0.0035300  0.0000000  0.0040633  0.0122700 -0.0000002 -0.0163497  0.0007553  0.0006756 -0.0000000 -0.0016664  0.0000000 
 0.0000000  0.0000000  0.0000000  0.0000000  0.0005336  0.0000000 -0.0000002 -0.0040727 -0.0000002  0.0000000 -0.0000000 -0.0003160 -0.0000000  0.0003160 
-0.0058251  0.0099429 -0.0087579  0.0040633  0.0000000 -0.0035300 -0.0163497 -0.0000002  0.0122700 -0.0002074 -0.0009919 -0.0000000  0.0016664  0.0000000 
-0.0002138  0.0003442 -0.0001970  0.0001792  0.0000000 -0.0001254 -0.0007553 -0.0000000  0.0002074 -0.0000195 -0.0000510 -0.0000000  0.0000786  0.0000000 
-0.0003703  0.0005962 -0.0003411  0.0002482 -0.0000000 -0.0002793 -0.0006756  0.0000000  0.0009919 -0.0000510 -0.0000784 -0.0000000  0.0001361 -0.0000000 
-0.0000000  0.0000000 -0.0000000  0.0000000 -0.0000311 -0.0000000  0.0000000  0.0003160  0.0000000 -0.0000000 -0.0000000 -0.0000035  0.0000000 -0.0000135 
 0.0007404 -0.0011915  0.0006781 -0.0005278 -0.0000000  0.0005278  0.0016664  0.0000000 -0.0016664  0.0000786  0.0001361  0.0000000 -0.0002895  0.0000000 
-0.0000000  0.0000000 -0.0000000  0.0000000  0.0000311 -0.0000000 -0.0000000 -0.0003160 -0.0000000  0.0000000 -0.0000000 -0.0000135  0.0000000 -0.0000035 
global index=1  local index=7 (global=1, Rn=211)
-0.0003929  0.0008715 -0.0018411 -0.0000000 -0.0002581 -0.0000984  0.0000000  0.0023528  0.0007770  0.0000479  0.0001204 -0.0000000  0.0000000 -0.0000826 
 0.0008715 -0.0019230  0.0040454  0.0000000  0.0005806  0.0002268 -0.0000000 -0.0051903 -0.0017679 -0.0001041 -0.0002657  0.0000000 -0.0000000  0.0001872 
-0.0018411  0.0040454 -0.0084085 -0.0000000 -0.0012361 -0.0005015  0.0000000  0.0108450  0.0038582  0.0002118  0.0005516 -0.0000000  0.0000000 -0.0004172 
 0.0000000 -0.0000000  0.0000000 -0.0000034 -0.0000000  0.0000000  0.0000390  0.0000000 -0.0000000  0.0000000  0.0000000 -0.0000035 -0.0000013  0.0000000 
 0.0002581 -0.0005806  0.0012361 -0.0000000  0.0001685  0.0000653  0.0000000 -0.0015682 -0.0005294 -0.0000316 -0.0000804 -0.0000000 -0.0000000  0.0000571 
 0.0000984 -0.0002268  0.0005015  0.0000000  0.0000653  0.0000131 -0.0000000 -0.0006467 -0.0001250 -0.0000172 -0.0000340  0.0000000 -0.0000000  0.0000130 
-0.0000000  0.0000000 -0.0000000  0.0000390  0.0000000 -0.0000000 -0.0004125 -0.0000000  0.0000000 -0.0000000 -0.0000000  0.0000410  0.0000123 -0.0000000 
-0.0023528  0.0051903 -0.0108450  0.0000000 -0.0015682 -0.0006467 -0.0000000  0.0139197  0.0050272  0.0002673  0.0007124 -0.0000000  0.0000000 -0.0005377 
-0.0007770  0.0017679 -0.0038582 -0.0000000 -0.0005294 -0.0001250  0.0000000  0.0050272  0.0011632  0.0001400  0.0002619 -0.0000000 -0.0000000 -0.0001222 
 0.0000479 -0.0001041  0.0002118 -0.0000000  0.0000316  0.0000172  0.0000000 -0.0002673 -0.0001400 -0.0000031 -0.0000129 -0.0000000 -0.0000000  0.0000143 
 0.0001204 -0.0002657  0.0005516 -0.0000000  0.0000804  0.0000340  0.0000000 -0.0007124 -0.0002619 -0.0000129 -0.0000362 -0.0000000 -0.0000000  0.0000280 
-0.0000000  0.0000000 -0.0000000  0.0000035  0.0000000 -0.0000000 -0.0000410  0.0000000  0.0000000 -0.0000000 -0.0000000  0.0000037  0.0000014 -0.0000000 
 0.0000000 -0.0000000  0.0000000  0.0000013  0.0000000  0.0000000 -0.0000123 -0.0000000  0.0000000 -0.0000000 -0.0000000  0.0000014  0.0000001  0.0000000 
-0.0000826  0.0001872 -0.0004172 -0.0000000 -0.0000571 -0.0000130  0.0000000  0.0005377  0.0001222  0.0000143  0.0000280 -0.0000000  0.0000000 -0.0000123 
global index=1  local index=8 (global=1, Rn=212)
-0.0117740  0.0161900 -0.0124555  0.0049656 -0.0099019 -0.0049655 -0.0133507  0.0267369  0.0133503  0.0011150  0.0019307  0.0025130  0.0013593 -0.0025133 
 0.0161900 -0.0167685 -0.0004105 -0.0075862  0.0150919  0.0075860  0.0101079 -0.0201443 -0.0101072 -0.0015350 -0.0026576 -0.0033562 -0.0019999  0.0033568 
-0.0124555 -0.0004105  0.0277078  0.0075520 -0.0148618 -0.0075515  0.0085589 -0.0178413 -0.0085598  0.0013343  0.0023093  0.0025099  0.0022779 -0.0025109 
-0.0049656  0.0075862 -0.0075520  0.0011294 -0.0043422 -0.0022007 -0.0035018  0.0152483  0.0068208  0.0004115  0.0012837  0.0007066  0.0003596 -0.0012780 
 0.0099019 -0.0150919  0.0148618 -0.0043422  0.0076559  0.0043419  0.0151104 -0.0253901 -0.0151082 -0.0007775 -0.0013463 -0.0022867 -0.0013359  0.0022868 
 0.0049655 -0.0075860  0.0075515 -0.0022007  0.0043419  0.0011299  0.0068210 -0.0152466 -0.0035050 -0.0009058 -0.0009980 -0.0012778 -0.0003598  0.0007070 
 0.0133507 -0.0101079 -0.0085589 -0.0035018  0.0151104  0.0068210 -0.0019940 -0.0126630  0.0010635 -0.0014519 -0.0039989 -0.0016793 -0.0009969  0.0031621 
-0.0267369  0.0201443  0.0178413  0.0152483 -0.0253901 -0.0152466 -0.0126630  0.0089571  0.0126508  0.0019360  0.0033503  0.0061363  0.0046149 -0.0061368 
-0.0133503  0.0101072  0.0085598  0.0068208 -0.0151082 -0.0035050  0.0010635  0.0126508 -0.0019726  0.0027358  0.0032550  0.0031606  0.0009977 -0.0016813 
 0.0011150 -0.0015350  0.0013343 -0.0004115  0.0007775  0.0009058  0.0014519 -0.0019360 -0.0027358  0.0000754 -0.0000970 -0.0001702 -0.0002494  0.0004441 
 0.0019307 -0.0026576  0.0023093 -0.0012837  0.0013463  0.0009980  0.0039989 -0.0033503 -0.0032550 -0.0000970 -0.0000364 -0.0006111 -0.0004320  0.0004528 
 0.0025130 -0.0033562  0.0025099 -0.0007066  0.0022867  0.0012778  0.0016793 -0.0061363 -0.0031606 -0.0001702 -0.0006111 -0.0004091 -0.0002405  0.0006987 
 0.0013593 -0.0019999  0.0022779 -0.0003596  0.0013359  0.0003598  0.0009969 -0.0046149 -0.0009977 -0.0002494 -0.0004320 -0.0002405 -0.0000755  0.0002406 
-0.0025133  0.0033568 -0.0025109  0.0012780 -0.0022868 -0.0007070 -0.0031621  0.0061368  0.0016813  0.0004441  0.0004528  0.0006987  0.0002406 -0.0004093 
global index=1  local index=9 (global=1, Rn=213)
-0.0117810  0.0162002 -0.0124592  0.0099091 -0.0049686 -0.0049686 -0.0267557  0.0133619  0.0133619  0.0011159 -0.0019328  0.0025155  0.0025155 -0.0013602 
 0.0162002 -0.0167819 -0.0004116 -0.0151039  0.0075905  0.0075905  0.0201687 -0.0101206 -0.0101206 -0.0015366  0.0026614 -0.0033602 -0.0033602  0.0020010 
-0.0124592 -0.0004116  0.0277258  0.0148719 -0.0075523 -0.0075523  0.0178410 -0.0085689 -0.0085689  0.0013362 -0.0023144  0.0025125  0.0025125 -0.0022770 
-0.0099091  0.0151039 -0.0148719  0.0076626 -0.0043450 -0.0043450 -0.0254144  0.0151223  0.0151223  0.0007784 -0.0013482  0.0022890  0.0022890 -0.0013368 
 0.0049686 -0.0075905  0.0075523 -0.0043450  0.0011313  0.0022023  0.0152539 -0.0035096 -0.0068265 -0.0004118  0.0012841 -0.0007079 -0.0012789  0.0003603 
 0.0049686 -0.0075905  0.0075523 -0.0043450  0.0022023  0.0011313  0.0152539 -0.0068265 -0.0035096 -0.0009062  0.0009987 -0.0012789 -0.0007079  0.0003603 
 0.0267557 -0.0201687 -0.0178410 -0.0254144  0.0152539  0.0152539  0.0090107 -0.0126724 -0.0126724 -0.0019397  0.0033597 -0.0061431 -0.0061431  0.0046158 
-0.0133619  0.0101206  0.0085689  0.0151223 -0.0035096 -0.0068265 -0.0126724 -0.0019681 -0.0010493  0.0014536 -0.0040010  0.0016847  0.0031655 -0.0009989 
-0.0133619  0.0101206  0.0085689  0.0151223 -0.0068265 -0.0035096 -0.0126724 -0.0010493 -0.0019681  0.0027381 -0.0032593  0.0031655  0.0016847 -0.0009989 
 0.0011159 -0.0015366  0.0013362 -0.0007784  0.0004118  0.0009062  0.0019397 -0.0014536 -0.0027381  0.0000753  0.0000973 -0.0001705 -0.0004444  0.0002495 
-0.0019328  0.0026614 -0.0023144  0.0013482 -0.0012841 -0.0009987 -0.0033597  0.0040010  0.0032593  0.0000973 -0.0000371  0.0006116  0.0004535 -0.0004321 
 0.0025155 -0.0033602  0.0025125 -0.0022890  0.0007079  0.0012789  0.0061431 -0.0016847 -0.0031655 -0.0001705  0.0006116 -0.0004099 -0.0006995  0.0002409 
 0.0025155 -0.0033602  0.0025125 -0.0022890  0.0012789  0.0007079  0.0061431 -0.0031655 -0.0016847 -0.0004444  0.0004535 -0.0006995 -0.0004099  0.0002409 
-0.0013602  0.0020010 -0.0022770  0.0013368 -0.0003603 -0.0003603 -0.0046158  0.0009989  0.0009989  0.0002495 -0.0004321  0.0002409  0.0002409 -0.0000756 
global index=1  local index=10 (global=1, Rn=214)
-0.0003928  0.0008712 -0.0018404  0.0002580  0.0000000 -0.0000984 -0.0023519 -0.0000000  0.0007767  0.0000478 -0.0001204  0.0000000  0.0000826  0.0000000 
 0.0008712 -0.0019222  0.0040435 -0.0005804 -0.0000000  0.0002267  0.0051880  0.0000000 -0.0017671 -0.0001040  0.0002656 -0.0000000 -0.0001871 -0.0000000 
-0.0018404  0.0040435 -0.0084042  0.0012356  0.0000000 -0.0005013 -0.0108398 -0.0000000  0.0038565  0.0002117 -0.0005513  0.0000000  0.0004170  0.0000000 
-0.0002580  0.0005804 -0.0012356  0.0001684  0.0000000 -0.0000653 -0.0015676 -0.0000000  0.0005292  0.0000316 -0.0000804  0.0000000  0.0000570  0.0000000 
-0.0000000  0.0000000 -0.0000000  0.0000000 -0.0000034  0.0000000 -0.0000000  0.0000390 -0.0000000  0.0000000 -0.0000000  0.0000035 -0.0000000 -0.0000013 
 0.0000984 -0.0002267  0.0005013 -0.0000653  0.0000000  0.0000131  0.0006465 -0.0000000 -0.0001249 -0.0000172  0.0000339 -0.0000000 -0.0000130  0.0000000 
 0.0023519 -0.0051880  0.0108398 -0.0015676 -0.0000000  0.0006465  0.0139134  0.0000000 -0.0050251 -0.0002671  0.0007120  0.0000000 -0.0005375 -0.0000000 
 0.0000000 -0.0000000  0.0000000 -0.0000000  0.0000390 -0.0000000  0.0000000 -0.0004124  0.0000000 -0.0000000  0.0000000 -0.0000410  0.0000000  0.0000123 
-0.0007767  0.0017671 -0.0038565  0.0005292 -0.0000000 -0.0001249 -0.0050251  0.0000000  0.0011626  0.0001400 -0.0002618  0.0000000  0.0001222  0.0000000 
 0.0000478 -0.0001040  0.0002117 -0.0000316 -0.0000000  0.0000172  0.0002671  0.0000000 -0.0001400 -0.0000031  0.0000129  0.0000000 -0.0000143 -0.0000000 
-0.0001204  0.0002656 -0.0005513  0.0000804  0.0000000 -0.0000339 -0.0007120 -0.0000000  0.0002618  0.0000129 -0.0000362 -0.0000000  0.0000280  0.0000000 
 0.0000000 -0.0000000  0.0000000 -0.0000000 -0.0000035  0.0000000 -0.0000000  0.0000410 -0.0000000  0.0000000 -0.0000000  0.0000037 -0.0000000 -0.0000014 
 0.0000826 -0.0001871  0.0004170 -0.0000570  0.0000000  0.0000130  0.0005375 -0.0000000 -0.0001222 -0.0000143  0.0000280 -0.0000000 -0.0000123 -0.0000000 
 0.0000000 -0.0000000  0.0000000 -0.0000000  0.0000013 -0.0000000  0.0000000 -0.0000123 -0.0000000 -0.0000000  0.0000000 -0.0000014 -0.0000000  0.0000001 
global index=1  local index=11 (global=1, Rn=220)
-0.0003928  0.0008712 -0.0018404  0.0000984 -0.0002580 -0.0000000 -0.0007767  0.0023519  0.0000000  0.0000804  0.0001016  0.0000826  0.0000000  0.0000000 
 0.0008712 -0.0019222  0.0040435 -0.0002267  0.0005804  0.0000000  0.0017671 -0.0051880 -0.0000000 -0.0001780 -0.0002229 -0.0001871 -0.0000000 -0.0000000 
-0.0018404  0.0040435 -0.0084042  0.0005013 -0.0012356 -0.0000000 -0.0038565  0.0108398  0.0000000  0.0003716  0.0004590  0.0004170  0.0000000  0.0000000 
-0.0000984  0.0002267 -0.0005013  0.0000131 -0.0000653  0.0000000 -0.0001249  0.0006465 -0.0000000  0.0000208  0.0000318  0.0000130 -0.0000000  0.0000000 
 0.0002580 -0.0005804  0.0012356 -0.0000653  0.0001684  0.0000000  0.0005292 -0.0015676 -0.0000000 -0.0000538 -0.0000676 -0.0000570 -0.0000000 -0.0000000 
 0.0000000 -0.0000000  0.0000000  0.0000000  0.0000000 -0.0000034 -0.0000000 -0.0000000  0.0000390 -0.0000000 -0.0000000  0.0000000  0.0000013 -0.0000035 
 0.0007767 -0.0017671  0.0038565 -0.0001249  0.0005292 -0.0000000  0.0011626 -0.0050251  0.0000000 -0.0001567 -0.0002521 -0.0001222 -0.0000000 -0.0000000 
-0.0023519  0.0051880 -0.0108398  0.0006465 -0.0015676 -0.0000000 -0.0050251  0.0139134  0.0000000  0.0004831  0.0005873  0.0005375  0.0000000 -0.0000000 
-0.0000000  0.0000000 -0.0000000 -0.0000000 -0.0000000  0.0000390  0.0000000  0.0000000 -0.0004124  0.0000000  0.0000000 -0.0000000 -0.0000123  0.0000410 
 0.0000804 -0.0001780  0.0003716 -0.0000208  0.0000538  0.0000000  0.0001567 -0.0004831 -0.0000000 -0.0000167 -0.0000208 -0.0000171 -0.0000000 -0.0000000 
 0.0001016 -0.0002229  0.0004590 -0.0000318  0.0000676  0.0000000  0.0002521 -0.0005873 -0.0000000 -0.0000208 -0.0000226 -0.0000264 -0.0000000  0.0000000 
 0.0000826 -0.0001871  0.0004170 -0.0000130  0.0000570 -0.0000000  0.0001222 -0.0005375  0.0000000 -0.0000171 -0.0000264 -0.0000123 -0.0000000 -0.0000000 
 0.0000000 -0.0000000  0.0000000  0.0000000  0.0000000 -0.0000013  0.0000000 -0.0000000  0.0000123 -0.0000000 -0.0000000 -0.0000000  0.0000001 -0.0000014 
 0.0000000 -0.0000000  0.0000000 -0.0000000  0.0000000  0.0000035  0.0000000  0.0000000 -0.0000410 -0.0000000  0.0000000 -0.0000000 -0.0000014  0.0000037 
global index=1  local index=12 (global=1, Rn=221)
-0.0022432  0.0038095 -0.0035947  0.0015047 -0.0015047  0.0000000 -0.0058251  0.0058251 -0.0000000  0.0004276  0.0000000  0.0007404 -0.0000000 -0.0000000 
 0.0038095 -0.0065997  0.0064337 -0.0024855  0.0024855 -0.0000000  0.0099429 -0.0099429  0.0000000 -0.0006884 -0.0000000 -0.0011915  0.0000000  0.0000000 
-0.0035947  0.0064337 -0.0064395  0.0021013 -0.0021013  0.0000000 -0.0087579  0.0087579 -0.0000000  0.0003939  0.0000000  0.0006781 -0.0000000 -0.0000000 
-0.0015047  0.0024855 -0.0021013  0.0010237 -0.0010715 -0.0000000 -0.0035300  0.0040633  0.0000000  0.0003046  0.0000311  0.0005278 -0.0000000 -0.0000000 
 0.0015047 -0.0024855  0.0021013 -0.0010715  0.0010237 -0.0000000  0.0040633 -0.0035300  0.0000000 -0.0003046  0.0000311 -0.0005278  0.0000000  0.0000000 
-0.0000000  0.0000000  0.0000000 -0.0000000 -0.0000000 -0.0000480  0.0000000  0.0000000  0.0005336  0.0000000  0.0000000  0.0000000  0.0000311 -0.0000311 
 0.0058251 -0.0099429  0.0087579 -0.0035300  0.0040633  0.0000000  0.0122700 -0.0163497 -0.0000002 -0.0009627 -0.0003163 -0.0016664 -0.0000000  0.0000000 
-0.0058251  0.0099429 -0.0087579  0.0040633 -0.0035300  0.0000000 -0.0163497  0.0122700 -0.0000002  0.0009627 -0.0003163  0.0016664 -0.0000000  0.0000000 
-0.0000000  0.0000000 -0.0000000  0.0000000  0.0000000  0.0005336 -0.0000002 -0.0000002 -0.0040727 -0.0000000 -0.0000000 -0.0000000 -0.0003160  0.0003160 
 0.0004276 -0.0006884  0.0003939 -0.0003046  0.0003046 -0.0000000  0.0009627 -0.0009627  0.0000000 -0.0001079 -0.0000000 -0.0001572  0.0000000  0.0000000 
-0.0000000  0.0000000 -0.0000000 -0.0000311 -0.0000311 -0.0000000  0.0003163  0.0003163  0.0000000  0.0000000  0.0000099  0.0000000  0.0000000 -0.0000000 
 0.0007404 -0.0011915  0.0006781 -0.0005278  0.0005278 -0.0000000  0.0016664 -0.0016664  0.0000000 -0.0001572 -0.0000000 -0.0002895  0.0000000  0.0000000 
-0.0000000  0.0000000 -0.0000000  0.0000000 -0.0000000 -0.0000311  0.0000000  0.0000000  0.0003160  0.0000000  0.0000000  0.0000000 -0.0000035 -0.0000135 
-0.0000000  0.0000000 -0.0000000  0.0000000 -0.0000000  0.0000311 -0.0000000 -0.0000000 -0.0003160  0.0000000 -0.0000000  0.0000000 -0.0000135 -0.0000035 
global index=1  local index=13 (global=1, Rn=222)
-0.0003928  0.0008712 -0.0018404  0.0002580 -0.0000984  0.0000000 -0.0023519  0.0007767 -0.0000000  0.0000804 -0.0001016  0.0000826  0.0000000  0.0000000 
 0.0008712 -0.0019222  0.0040435 -0.0005804  0.0002267 -0.0000000  0.0051880 -0.0017671  0.0000000 -0.0001780  0.0002229 -0.0001871 -0.0000000 -0.0000000 
-0.0018404  0.0040435 -0.0084042  0.0012356 -0.0005013  0.0000000 -0.0108398  0.0038565 -0.0000000  0.0003716 -0.0004590  0.0004170  0.0000000  0.0000000 
-0.0002580  0.0005804 -0.0012356  0.0001684 -0.0000653  0.0000000 -0.0015676  0.0005292 -0.0000000  0.0000538 -0.0000676  0.0000570  0.0000000  0.0000000 
 0.0000984 -0.0002267  0.0005013 -0.0000653  0.0000131  0.0000000  0.0006465 -0.0001249 -0.0000000 -0.0000208  0.0000318 -0.0000130 -0.0000000  0.0000000 
-0.0000000  0.0000000 -0.0000000  0.0000000  0.0000000 -0.0000034 -0.0000000 -0.0000000  0.0000390  0.0000000 -0.0000000 -0.0000000  0.0000035 -0.0000013 
 0.0023519 -0.0051880  0.0108398 -0.0015676  0.0006465 -0.0000000  0.0139134 -0.0050251  0.0000000 -0.0004831  0.0005873 -0.0005375  0.0000000 -0.0000000 
-0.0007767  0.0017671 -0.0038565  0.0005292 -0.0001249 -0.0000000 -0.0050251  0.0011626  0.0000000  0.0001567 -0.0002521  0.0001222  0.0000000  0.0000000 
 0.0000000 -0.0000000  0.0000000 -0.0000000 -0.0000000  0.0000390  0.0000000  0.0000000 -0.0004124 -0.0000000  0.0000000  0.0000000 -0.0000410  0.0000123 
 0.0000804 -0.0001780  0.0003716 -0.0000538  0.0000208 -0.0000000  0.0004831 -0.0001567  0.0000000 -0.0000167  0.0000208 -0.0000171 -0.0000000 -0.0000000 
-0.0001016  0.0002229 -0.0004590  0.0000676 -0.0000318  0.0000000 -0.0005873  0.0002521 -0.0000000  0.0000208 -0.0000226  0.0000264 -0.0000000  0.0000000 
 0.0000826 -0.0001871  0.0004170 -0.0000570  0.0000130  0.0000000  0.0005375 -0.0001222 -0.0000000 -0.0000171  0.0000264 -0.0000123 -0.0000000 -0.0000000 
 0.0000000 -0.0000000  0.0000000 -0.0000000  0.0000000 -0.0000035 -0.0000000 -0.0000000  0.0000410 -0.0000000 -0.0000000 -0.0000000  0.0000037 -0.0000014 
 0.0000000 -0.0000000  0.0000000 -0.0000000 -0.0000000  0.0000013  0.0000000 -0.0000000 -0.0000123 -0.0000000  0.0000000 -0.0000000 -0.0000014  0.0000001 
global index=1  local index=14 (global=1, Rn=267)
-0.0003929  0.0008715 -0.0018411 -0.0000984 -0.0000000 -0.0002581  0.0007770  0.0000000  0.0023528 -0.0001282 -0.0000188  0.0000000 -0.0000826 -0.0000000 
 0.0008715 -0.0019230  0.0040454  0.0002268  0.0000000  0.0005806 -0.0017679 -0.0000000 -0.0051903  0.0002821  0.0000427 -0.0000000  0.0001872  0.0000000 
-0.0018411  0.0040454 -0.0084085 -0.0005015 -0.0000000 -0.0012361  0.0038582  0.0000000  0.0108450 -0.0005836 -0.0000924  0.0000000 -0.0004172 -0.0000000 
 0.0000984 -0.0002268  0.0005015  0.0000131  0.0000000  0.0000653 -0.0001250 -0.0000000 -0.0006467  0.0000380  0.0000021 -0.0000000  0.0000130  0.0000000 
 0.0000000 -0.0000000  0.0000000  0.0000000 -0.0000034 -0.0000000 -0.0000000  0.0000390  0.0000000 -0.0000000  0.0000000 -0.0000013  0.0000000 -0.0000035 
 0.0002581 -0.0005806  0.0012361  0.0000653 -0.0000000  0.0001685 -0.0005294  0.0000000 -0.0015682  0.0000855  0.0000128 -0.0000000  0.0000571 -0.0000000 
-0.0007770  0.0017679 -0.0038582 -0.0001250 -0.0000000 -0.0005294  0.0011632  0.0000000  0.0050272 -0.0002968 -0.0000097 -0.0000000 -0.0001222 -0.0000000 
-0.0000000  0.0000000 -0.0000000 -0.0000000  0.0000390  0.0000000  0.0000000 -0.0004125 -0.0000000  0.0000000 -0.0000000  0.0000123 -0.0000000  0.0000410 
-0.0023528  0.0051903 -0.0108450 -0.0006467  0.0000000 -0.0015682  0.0050272 -0.0000000  0.0139197 -0.0007505 -0.0001247  0.0000000 -0.0005377 -0.0000000 
-0.0001282  0.0002821 -0.0005836 -0.0000380  0.0000000 -0.0000855  0.0002968 -0.0000000  0.0007505 -0.0000391 -0.0000079  0.0000000 -0.0000314  0.0000000 
-0.0000188  0.0000427 -0.0000924 -0.0000021 -0.0000000 -0.0000128  0.0000097  0.0000000  0.0001247 -0.0000079 -0.0000002 -0.0000000 -0.0000016 -0.0000000 
 0.0000000 -0.0000000  0.0000000  0.0000000  0.0000013  0.0000000  0.0000000 -0.0000123 -0.0000000  0.0000000 -0.0000000  0.0000001  0.0000000  0.0000014 
-0.0000826  0.0001872 -0.0004172 -0.0000130 -0.0000000 -0.0000571  0.0001222  0.0000000  0.0005377 -0.0000314 -0.0000016  0.0000000 -0.0000123 -0.0000000 
-0.0000000  0.0000000 -0.0000000 -0.0000000  0.0000035  0.0000000  0.0000000 -0.0000410  0.0000000  0.0000000 -0.0000000  0.0000014 -0.0000000  0.0000037 
global index=1  local index=15 (global=1, Rn=268)
-0.0003928  0.0008712 -0.0018404 -0.0000000  0.0000984 -0.0002580  0.0000000 -0.0007767  0.0023519 -0.0001282  0.0000188  0.0000000  0.0000000  0.0000826 
 0.0008712 -0.0019222  0.0040435  0.0000000 -0.0002267  0.0005804 -0.0000000  0.0017671 -0.0051880  0.0002820 -0.0000427 -0.0000000 -0.0000000 -0.0001871 
-0.0018404  0.0040435 -0.0084042 -0.0000000  0.0005013 -0.0012356  0.0000000 -0.0038565  0.0108398 -0.0005833  0.0000923  0.0000000  0.0000000  0.0004170 
 0.0000000 -0.0000000  0.0000000 -0.0000034  0.0000000  0.0000000  0.0000390 -0.0000000 -0.0000000  0.0000000  0.0000000  0.0000013 -0.0000035  0.0000000 
-0.0000984  0.0002267 -0.0005013  0.0000000  0.0000131 -0.0000653 -0.0000000 -0.0001249  0.0006465 -0.0000380  0.0000021 -0.0000000  0.0000000  0.0000130 
 0.0002580 -0.0005804  0.0012356  0.0000000 -0.0000653  0.0001684 -0.0000000  0.0005292 -0.0015676  0.0000854 -0.0000128 -0.0000000 -0.0000000 -0.0000570 
-0.0000000  0.0000000 -0.0000000  0.0000390 -0.0000000 -0.0000000 -0.0004124  0.0000000  0.0000000 -0.0000000 -0.0000000 -0.0000123  0.0000410 -0.0000000 
 0.0007767 -0.0017671  0.0038565 -0.0000000 -0.0001249  0.0005292  0.0000000  0.0011626 -0.0050251  0.0002967 -0.0000097 -0.0000000 -0.0000000 -0.0001222 
-0.0023519  0.0051880 -0.0108398 -0.0000000  0.0006465 -0.0015676  0.0000000 -0.0050251  0.0139134 -0.0007502  0.0001247  0.0000000 -0.0000000  0.0005375 
-0.0001282  0.0002820 -0.0005833 -0.0000000  0.0000380 -0.0000854  0.0000000 -0.0002967  0.0007502 -0.0000391  0.0000079  0.0000000 -0.0000000  0.0000314 
 0.0000188 -0.0000427  0.0000923 -0.0000000 -0.0000021  0.0000128  0.0000000  0.0000097 -0.0001247  0.0000079 -0.0000002  0.0000000 -0.0000000 -0.0000016 
 0.0000000 -0.0000000  0.0000000 -0.0000013  0.0000000  0.0000000  0.0000123  0.0000000 -0.0000000  0.0000000  0.0000000  0.0000001 -0.0000014 -0.0000000 
 0.0000000 -0.0000000  0.0000000  0.0000035 -0.0000000  0.0000000 -0.0000410  0.0000000  0.0000000 -0.0000000 -0.0000000 -0.0000014  0.0000037 -0.0000000 
 0.0000826 -0.0001871  0.0004170 -0.0000000 -0.0000130  0.0000570  0.0000000  0.0001222 -0.0005375  0.0000314 -0.0000016 -0.0000000 -0.0000000 -0.0000123 
global index=1  local index=16 (global=1, Rn=274)
-0.0000000  0.0000000 -0.0000001 -0.0000000 -0.0000000 -0.0000000  0.0000001  0.0000001  0.0000001  0.0000000 -0.0000000 -0.0000000 -0.0000000 -0.0000000 
 0.0000000 -0.0000001  0.0000003  0.0000001  0.0000001  0.0000001 -0.0000002 -0.0000002 -0.0000002  0.0000000  0.0000000  0.0000000  0.0000000  0.0000000 
-0.0000001  0.0000003 -0.0000005 -0.0000001 -0.0000001 -0.0000001  0.0000005  0.0000005  0.0000005  0.0000000 -0.0000000 -0.0000001 -0.0000001 -0.0000001 
 0.0000000 -0.0000001  0.0000001 -0.0000000 -0.0000000 -0.0000000 -0.0000000 -0.0000000 -0.0000000  0.0000000 -0.0000000  0.0000000  0.0000000  0.0000000 
 0.0000000 -0.0000001  0.0000001 -0.0000000 -0.0000000 -0.0000000 -0.0000000 -0.0000000 -0.0000000  0.0000000  0.0000000  0.0000000  0.0000000  0.0000000 
 0.0000000 -0.0000001  0.0000001 -0.0000000 -0.0000000 -0.0000000 -0.0000000 -0.0000000 -0.0000000 -0.0000000 -0.0000000  0.0000000  0.0000000  0.0000000 
-0.0000001  0.0000002 -0.0000005 -0.0000000 -0.0000000 -0.0000000  0.0000004  0.0000005  0.0000005 -0.0000000  0.0000000 -0.0000001 -0.0000001 -0.0000001 
-0.0000001  0.0000002 -0.0000005 -0.0000000 -0.0000000 -0.0000000  0.0000005  0.0000004  0.0000005 -0.0000000 -0.0000000 -0.0000001 -0.0000001 -0.0000001 
-0.0000001  0.0000002 -0.0000005 -0.0000000 -0.0000000 -0.0000000  0.0000005  0.0000005  0.0000004  0.0000000 -0.0000000 -0.0000001 -0.0000001 -0.0000001 
 0.0000000  0.0000000  0.0000000 -0.0000000 -0.0000000  0.0000000  0.0000000  0.0000000 -0.0000000  0.0000000 -0.0000000 -0.0000000  0.0000000  0.0000000 
 0.0000000 -0.0000000  0.0000000  0.0000000 -0.0000000 -0.0000000 -0.0000000  0.0000000 -0.0000000 -0.0000000  0.0000000  0.0000000  0.0000000 -0.0000000 
-0.0000000  0.0000000 -0.0000001 -0.0000000 -0.0000000 -0.0000000  0.0000001  0.0000001  0.0000001 -0.0000000 -0.0000000  0.0000000 -0.0000000 -0.0000000 
-0.0000000  0.0000000 -0.0000001 -0.0000000 -0.0000000 -0.0000000  0.0000001  0.0000001  0.0000001  0.0000000  0.0000000 -0.0000000  0.0000000 -0.0000000 
-0.0000000  0.0000000 -0.0000001 -0.0000000 -0.0000000 -0.0000000  0.0000001  0.0000001  0.0000001  0.0000000 -0.0000000 -0.0000000 -0.0000000  0.0000000 
global index=1  local index=17 (global=1, Rn=275)
-0.0117889  0.0162168 -0.0124787 -0.0049718 -0.0049718 -0.0099136  0.0133766  0.0133766  0.0267904 -0.0022328 -0.0000000 -0.0013614 -0.0025168 -0.0025168 
 0.0162168 -0.0168186 -0.0003607  0.0075973  0.0075973  0.0151122 -0.0101584 -0.0101584 -0.0202448  0.0030746  0.0000000  0.0020040  0.0033631  0.0033631 
-0.0124787 -0.0003607  0.0276397 -0.0075620 -0.0075620 -0.0148755 -0.0084981 -0.0084981 -0.0177432 -0.0026704 -0.0000000 -0.0022828 -0.0025161 -0.0025161 
 0.0049718 -0.0075973  0.0075620  0.0011319  0.0022031  0.0043473 -0.0035125 -0.0068306 -0.0152712  0.0013190 -0.0002855  0.0003604  0.0007082  0.0012794 
 0.0049718 -0.0075973  0.0075620  0.0022031  0.0011319  0.0043473 -0.0068306 -0.0035125 -0.0152712  0.0013190  0.0002855  0.0003604  0.0012794  0.0007082 
 0.0099136 -0.0151122  0.0148755  0.0043473  0.0043473  0.0076655 -0.0151294 -0.0151294 -0.0254288  0.0015571  0.0000000  0.0013377  0.0022898  0.0022898 
-0.0133766  0.0101584  0.0084981 -0.0035125 -0.0068306 -0.0151294 -0.0019399 -0.0010093  0.0127669 -0.0041947  0.0007424 -0.0010007 -0.0016863 -0.0031677 
-0.0133766  0.0101584  0.0084981 -0.0068306 -0.0035125 -0.0151294 -0.0010093 -0.0019399  0.0127669 -0.0041947 -0.0007424 -0.0010007 -0.0031677 -0.0016863 
-0.0267904  0.0202448  0.0177432 -0.0152712 -0.0152712 -0.0254288  0.0127669  0.0127669  0.0091493 -0.0038788 -0.0000000 -0.0046241 -0.0061499 -0.0061499 
-0.0022328  0.0030746 -0.0026704 -0.0013190 -0.0013190 -0.0015571  0.0041947  0.0041947  0.0038788 -0.0000929 -0.0000000 -0.0004994 -0.0006152 -0.0006152 
 0.0000000 -0.0000000  0.0000000  0.0002855 -0.0002855  0.0000000 -0.0007424  0.0007424 -0.0000000  0.0000000  0.0001315  0.0000000  0.0001582 -0.0001582 
-0.0013614  0.0020040 -0.0022828 -0.0003604 -0.0003604 -0.0013377  0.0010007  0.0010007  0.0046241 -0.0004994 -0.0000000 -0.0000757 -0.0002411 -0.0002411 
