MPI startup(): Warning: I_MPI_PMI_LIBRARY will be ignored since the hydra process manager was found

Read the scfout file (openmx.scfout)
***
The file format of the SCFOUT file:  3
And it supports the following functions:
- jx
- polB
- kSpin
- Z2FH
- calB
***
atomnum=1
Catomnum=0
Latomnum=0
Ratomnum=0


Kohn-Sham Hamiltonian spin=0
global index=1  local index=0 (global=1, Rn=0)
-0.3781222  0.1035239  0.0546104  0.0000000 -0.0000000 -0.0000000  0.0000000  0.0000000  0.0000000 -0.0000000 -0.0000000  0.0001341  0.0001341  0.0001341 
 0.1035239  0.5470507  0.0947297 -0.0000000 -0.0000000  0.0000000 -0.0000000 -0.0000000  0.0000000  0.0000000 -0.0000000  0.0001128  0.0001128  0.0001128 
 0.0546104  0.0947297  0.9600933 -0.0000000  0.0000000 -0.0000000 -0.0000000 -0.0000000 -0.0000000 -0.0000000 -0.0000000  0.0000421  0.0000421  0.0000421 
 0.0000000  0.0000000  0.0000000 -0.0107589  0.0001958  0.0001958  0.2521525  0.0000726  0.0000726 -0.0000000  0.0000000 -0.0000000 -0.0000000 -0.0000000 
-0.0000000 -0.0000000  0.0000000  0.0001958 -0.0107589  0.0001958  0.0000726  0.2521525  0.0000726 -0.0000000  0.0000000  0.0000000  0.0000000  0.0000000 
-0.0000000  0.0000000 -0.0000000  0.0001958  0.0001958 -0.0107589  0.0000726  0.0000726  0.2521525 -0.0000000 -0.0000000  0.0000000  0.0000000  0.0000000 
 0.0000000  0.0000000  0.0000000  0.2521525  0.0000726  0.0000726  0.2343353 -0.0000616 -0.0000616 -0.0000000  0.0000000 -0.0000000 -0.0000000  0.0000000 
 0.0000000 -0.0000000 -0.0000000  0.0000726  0.2521525  0.0000726 -0.0000616  0.2343353 -0.0000616 -0.0000000  0.0000000  0.0000000  0.0000000  0.0000000 
 0.0000000  0.0000000 -0.0000000  0.0000726  0.0000726  0.2521525 -0.0000616 -0.0000616  0.2343353  0.0000000  0.0000000  0.0000000  0.0000000  0.0000000 
-0.0000000  0.0000000 -0.0000000  0.0000000 -0.0000000 -0.0000000 -0.0000000 -0.0000000  0.0000000 -0.3380462  0.0000000 -0.0003194  0.0001597  0.0001597 
-0.0000000 -0.0000000 -0.0000000 -0.0000000  0.0000000 -0.0000000  0.0000000  0.0000000  0.0000000  0.0000000 -0.3380462 -0.0000000  0.0002766 -0.0002766 
 0.0001341  0.0001128  0.0000421 -0.0000000 -0.0000000  0.0000000 -0.0000000  0.0000000  0.0000000 -0.0003194 -0.0000000 -0.3404200 -0.0001857 -0.0001857 
 0.0001341  0.0001128  0.0000421 -0.0000000 -0.0000000 -0.0000000 -0.0000000  0.0000000  0.0000000  0.0001597  0.0002766 -0.0001857 -0.3404200 -0.0001857 
 0.0001341  0.0001128  0.0000421 -0.0000000  0.0000000  0.0000000  0.0000000  0.0000000  0.0000000  0.0001597 -0.0002766 -0.0001857 -0.0001857 -0.3404200 
global index=1  local index=1 (global=1, Rn=132)
-0.0000000  0.0000000 -0.0000001  0.0000000 -0.0000000 -0.0000000 -0.0000001  0.0000001  0.0000001  0.0000000 -0.0000000  0.0000000  0.0000000 -0.0000000 
 0.0000000 -0.0000001  0.0000003 -0.0000001  0.0000001  0.0000001  0.0000002 -0.0000002 -0.0000002  0.0000000  0.0000000 -0.0000000 -0.0000000  0.0000000 
-0.0000001  0.0000003 -0.0000005  0.0000001 -0.0000001 -0.0000001 -0.0000005  0.0000005  0.0000005  0.0000000 -0.0000000  0.0000001  0.0000001 -0.0000001 
-0.0000000  0.0000001 -0.0000001 -0.0000000  0.0000000  0.0000000 -0.0000000  0.0000000  0.0000000 -0.0000000  0.0000000  0.0000000  0.0000000 -0.0000000 
 0.0000000 -0.0000001  0.0000001  0.0000000 -0.0000000 -0.0000000  0.0000000 -0.0000000 -0.0000000  0.0000000  0.0000000 -0.0000000 -0.0000000  0.0000000 
 0.0000000 -0.0000001  0.0000001  0.0000000 -0.0000000 -0.0000000  0.0000000 -0.0000000 -0.0000000 -0.0000000  0.0000000 -0.0000000 -0.0000000  0.0000000 
 0.0000001 -0.0000002  0.0000005 -0.0000000  0.0000000  0.0000000  0.0000004 -0.0000005 -0.0000005  0.0000000 -0.0000000 -0.0000001 -0.0000001  0.0000001 
-0.0000001  0.0000002 -0.0000005  0.0000000 -0.0000000 -0.0000000 -0.0000005  0.0000004  0.0000005 -0.0000000 -0.0000000  0.0000001  0.0000001 -0.0000001 
-0.0000001  0.0000002 -0.0000005  0.0000000 -0.0000000 -0.0000000 -0.0000005  0.0000005  0.0000004  0.0000000 -0.0000000  0.0000001  0.0000001 -0.0000001 
 0.0000000  0.0000000  0.0000000  0.0000000 -0.0000000  0.0000000 -0.0000000  0.0000000 -0.0000000  0.0000000 -0.0000000  0.0000000 -0.0000000  0.0000000 
-0.0000000  0.0000000 -0.0000000 -0.0000000 -0.0000000 -0.0000000  0.0000000  0.0000000  0.0000000 -0.0000000  0.0000000 -0.0000000 -0.0000000 -0.0000000 
 0.0000000 -0.0000000  0.0000001 -0.0000000  0.0000000  0.0000000  0.0000001 -0.0000001 -0.0000001  0.0000000 -0.0000000  0.0000000 -0.0000000  0.0000000 
 0.0000000 -0.0000000  0.0000001 -0.0000000  0.0000000  0.0000000  0.0000001 -0.0000001 -0.0000001 -0.0000000 -0.0000000 -0.0000000  0.0000000  0.0000000 
-0.0000000  0.0000000 -0.0000001  0.0000000 -0.0000000 -0.0000000 -0.0000001  0.0000001  0.0000001  0.0000000 -0.0000000  0.0000000  0.0000000  0.0000000 
global index=1  local index=2 (global=1, Rn=195)
-0.0003929  0.0008716 -0.0018413 -0.0000000 -0.0000984 -0.0002581  0.0000000  0.0007770  0.0023530 -0.0001282  0.0000188  0.0000000 -0.0000000 -0.0000826 
 0.0008716 -0.0019232  0.0040458  0.0000000  0.0002268  0.0005806 -0.0000000 -0.0017680 -0.0051907  0.0002822 -0.0000428 -0.0000000  0.0000000  0.0001872 
-0.0018413  0.0040458 -0.0084094 -0.0000000 -0.0005015 -0.0012362  0.0000000  0.0038586  0.0108461 -0.0005837  0.0000924  0.0000000 -0.0000000 -0.0004172 
 0.0000000 -0.0000000  0.0000000 -0.0000034  0.0000000 -0.0000000  0.0000390 -0.0000000  0.0000000 -0.0000000 -0.0000000 -0.0000013 -0.0000035  0.0000000 
 0.0000984 -0.0002268  0.0005015  0.0000000  0.0000131  0.0000653 -0.0000000 -0.0001250 -0.0006467  0.0000380 -0.0000021 -0.0000000  0.0000000  0.0000130 
 0.0002581 -0.0005806  0.0012362 -0.0000000  0.0000653  0.0001685  0.0000000 -0.0005295 -0.0015683  0.0000855 -0.0000128 -0.0000000 -0.0000000  0.0000571 
-0.0000000  0.0000000 -0.0000000  0.0000390 -0.0000000  0.0000000 -0.0004125  0.0000000 -0.0000000  0.0000000  0.0000000  0.0000123  0.0000410 -0.0000000 
-0.0007770  0.0017680 -0.0038586 -0.0000000 -0.0001250 -0.0005295  0.0000000  0.0011632  0.0050277 -0.0002969  0.0000097 -0.0000000 -0.0000000 -0.0001222 
-0.0023530  0.0051907 -0.0108461  0.0000000 -0.0006467 -0.0015683 -0.0000000  0.0050277  0.0139209 -0.0007506  0.0001247  0.0000000 -0.0000000 -0.0005377 
-0.0001282  0.0002822 -0.0005837  0.0000000 -0.0000380 -0.0000855 -0.0000000  0.0002969  0.0007506 -0.0000391  0.0000079  0.0000000  0.0000000 -0.0000314 
 0.0000188 -0.0000428  0.0000924  0.0000000  0.0000021  0.0000128 -0.0000000 -0.0000097 -0.0001247  0.0000079 -0.0000002  0.0000000  0.0000000  0.0000016 
 0.0000000 -0.0000000  0.0000000  0.0000013  0.0000000  0.0000000 -0.0000123  0.0000000 -0.0000000  0.0000000  0.0000000  0.0000001  0.0000014  0.0000000 
-0.0000000  0.0000000 -0.0000000  0.0000035 -0.0000000  0.0000000 -0.0000410  0.0000000  0.0000000  0.0000000  0.0000000  0.0000014  0.0000037 -0.0000000 
-0.0000826  0.0001872 -0.0004172 -0.0000000 -0.0000130 -0.0000571  0.0000000  0.0001222  0.0005377 -0.0000314  0.0000016  0.0000000 -0.0000000 -0.0000123 
global index=1  local index=3 (global=1, Rn=196)
-0.0003929  0.0008714 -0.0018410  0.0000984 -0.0000000 -0.0002581 -0.0007769  0.0000000  0.0023526 -0.0001282 -0.0000188  0.0000000  0.0000826  0.0000000 
 0.0008714 -0.0019228  0.0040450 -0.0002267  0.0000000  0.0005805  0.0017677 -0.0000000 -0.0051897  0.0002821  0.0000427 -0.0000000 -0.0001872 -0.0000000 
-0.0018410  0.0040450 -0.0084076  0.0005015 -0.0000000 -0.0012360 -0.0038579  0.0000000  0.0108438 -0.0005835 -0.0000924  0.0000000  0.0004172  0.0000000 
-0.0000984  0.0002267 -0.0005015  0.0000131  0.0000000 -0.0000653 -0.0001250 -0.0000000  0.0006467 -0.0000380 -0.0000021 -0.0000000  0.0000130  0.0000000 
 0.0000000 -0.0000000  0.0000000  0.0000000 -0.0000034  0.0000000 -0.0000000  0.0000390 -0.0000000  0.0000000 -0.0000000  0.0000013  0.0000000 -0.0000035 
 0.0002581 -0.0005805  0.0012360 -0.0000653  0.0000000  0.0001685  0.0005294 -0.0000000 -0.0015680  0.0000854  0.0000128 -0.0000000 -0.0000571 -0.0000000 
 0.0007769 -0.0017677  0.0038579 -0.0001250 -0.0000000  0.0005294  0.0011630  0.0000000 -0.0050267  0.0002968  0.0000097 -0.0000000 -0.0001222 -0.0000000 
-0.0000000  0.0000000 -0.0000000 -0.0000000  0.0000390 -0.0000000  0.0000000 -0.0004125  0.0000000 -0.0000000  0.0000000 -0.0000123 -0.0000000  0.0000410 
-0.0023526  0.0051897 -0.0108438  0.0006467 -0.0000000 -0.0015680 -0.0050267  0.0000000  0.0139181 -0.0007505 -0.0001247  0.0000000  0.0005376 -0.0000000 
-0.0001282  0.0002821 -0.0005835  0.0000380 -0.0000000 -0.0000854 -0.0002968  0.0000000  0.0007505 -0.0000391 -0.0000079  0.0000000  0.0000314 -0.0000000 
-0.0000188  0.0000427 -0.0000924  0.0000021  0.0000000 -0.0000128 -0.0000097 -0.0000000  0.0001247 -0.0000079 -0.0000002 -0.0000000  0.0000016  0.0000000 
 0.0000000 -0.0000000  0.0000000  0.0000000 -0.0000013  0.0000000  0.0000000  0.0000123 -0.0000000  0.0000000 -0.0000000  0.0000001 -0.0000000 -0.0000014 
 0.0000826 -0.0001872  0.0004172 -0.0000130 -0.0000000  0.0000571  0.0001222  0.0000000 -0.0005376  0.0000314  0.0000016 -0.0000000 -0.0000123 -0.0000000 
 0.0000000 -0.0000000  0.0000000 -0.0000000  0.0000035  0.0000000  0.0000000 -0.0000410  0.0000000 -0.0000000  0.0000000 -0.0000014 -0.0000000  0.0000037 
global index=1  local index=4 (global=1, Rn=203)
-0.0022439  0.0038111 -0.0035978 -0.0000000 -0.0015050 -0.0015050 -0.0000001  0.0058280  0.0058280 -0.0002139  0.0003705 -0.0000000 -0.0000000 -0.0007406 
 0.0038111 -0.0066031  0.0064402  0.0000001  0.0024863  0.0024863 -0.0000001 -0.0099491 -0.0099491  0.0003444 -0.0005965  0.0000000  0.0000000  0.0011920 
-0.0035978  0.0064402 -0.0064506 -0.0000004 -0.0021030 -0.0021030  0.0000015  0.0087694  0.0087694 -0.0001973  0.0003418 -0.0000002 -0.0000002 -0.0006789 
 0.0000000 -0.0000001  0.0000004 -0.0000480  0.0000000  0.0000000  0.0005335 -0.0000003 -0.0000003  0.0000000 -0.0000000 -0.0000311 -0.0000311  0.0000000 
 0.0015050 -0.0024863  0.0021030  0.0000000  0.0010238  0.0010717  0.0000002 -0.0035312 -0.0040650  0.0001793 -0.0002483 -0.0000000 -0.0000000  0.0005279 
 0.0015050 -0.0024863  0.0021030  0.0000000  0.0010717  0.0010238  0.0000002 -0.0040650 -0.0035312  0.0001254 -0.0002794 -0.0000000 -0.0000000  0.0005279 
 0.0000001  0.0000001 -0.0000015  0.0005335  0.0000002  0.0000002 -0.0040722  0.0000005  0.0000005  0.0000000 -0.0000000  0.0003160  0.0003160  0.0000000 
-0.0058280  0.0099491 -0.0087694 -0.0000003 -0.0035312 -0.0040650  0.0000005  0.0122786  0.0163633 -0.0007559  0.0006759 -0.0000001 -0.0000001 -0.0016672 
-0.0058280  0.0099491 -0.0087694 -0.0000003 -0.0040650 -0.0035312  0.0000005  0.0163633  0.0122786 -0.0002074  0.0009926 -0.0000001 -0.0000001 -0.0016672 
-0.0002139  0.0003444 -0.0001973 -0.0000000 -0.0001793 -0.0001254 -0.0000000  0.0007559  0.0002074 -0.0000195  0.0000511 -0.0000000 -0.0000000 -0.0000786 
 0.0003705 -0.0005965  0.0003418  0.0000000  0.0002483  0.0002794  0.0000000 -0.0006759 -0.0009926  0.0000511 -0.0000784  0.0000000  0.0000000  0.0001362 
-0.0000000  0.0000000 -0.0000002  0.0000311  0.0000000  0.0000000 -0.0003160  0.0000001  0.0000001 -0.0000000  0.0000000 -0.0000035  0.0000135 -0.0000000 
-0.0000000  0.0000000 -0.0000002  0.0000311  0.0000000  0.0000000 -0.0003160  0.0000001  0.0000001 -0.0000000  0.0000000  0.0000135 -0.0000035 -0.0000000 
-0.0007406  0.0011920 -0.0006789 -0.0000000 -0.0005279 -0.0005279 -0.0000000  0.0016672  0.0016672 -0.0000786  0.0001362 -0.0000000 -0.0000000 -0.0002895 
global index=1  local index=5 (global=1, Rn=204)
-0.0117865  0.0162119 -0.0124800  0.0049704 -0.0049704 -0.0099115 -0.0133722  0.0133720  0.0267802 -0.0022322 -0.0000001  0.0013609  0.0025161 -0.0025162 
 0.0162119 -0.0168061 -0.0003732 -0.0075950  0.0075949  0.0151092  0.0101436 -0.0101433 -0.0202157  0.0030737  0.0000002 -0.0020028 -0.0033617  0.0033619 
-0.0124800 -0.0003732  0.0276864  0.0075627 -0.0075624 -0.0148821  0.0085263 -0.0085265 -0.0177817 -0.0026718 -0.0000004  0.0022814  0.0025159 -0.0025163 
-0.0049704  0.0075950 -0.0075627  0.0011311 -0.0022025 -0.0043460 -0.0035094  0.0068296  0.0152670 -0.0013186  0.0002856  0.0003602  0.0007077 -0.0012792 
 0.0049704 -0.0075949  0.0075624 -0.0022025  0.0011313  0.0043459  0.0068297 -0.0035108 -0.0152662  0.0013185  0.0002856 -0.0003602 -0.0012791  0.0007079 
 0.0099115 -0.0151092  0.0148821 -0.0043460  0.0043459  0.0076632  0.0151282 -0.0151272 -0.0254240  0.0015565  0.0000001 -0.0013373 -0.0022892  0.0022892 
 0.0133722 -0.0101436 -0.0085263 -0.0035094  0.0068297  0.0151282 -0.0019648  0.0010310 -0.0127323  0.0041942 -0.0007427 -0.0009993 -0.0016842  0.0031672 
-0.0133720  0.0101433  0.0085265  0.0068296 -0.0035108 -0.0151272  0.0010310 -0.0019553  0.0127269 -0.0041933 -0.0007425  0.0009997  0.0031665 -0.0016850 
-0.0267802  0.0202157  0.0177817  0.0152670 -0.0152662 -0.0254240 -0.0127323  0.0127269  0.0090814 -0.0038773 -0.0000007  0.0046214  0.0061473 -0.0061474 
-0.0022322  0.0030737 -0.0026718  0.0013186 -0.0013185 -0.0015565 -0.0041942  0.0041933  0.0038773 -0.0000928 -0.0000001  0.0004993  0.0006150 -0.0006150 
-0.0000001  0.0000002 -0.0000004 -0.0002856 -0.0002856 -0.0000001  0.0007427  0.0007425  0.0000007 -0.0000001  0.0001316 -0.0000000 -0.0001582 -0.0001583 
 0.0013609 -0.0020028  0.0022814 -0.0003602  0.0003602  0.0013373  0.0009993 -0.0009997 -0.0046214  0.0004993 -0.0000000 -0.0000756 -0.0002409  0.0002409 
 0.0025161 -0.0033617  0.0025159 -0.0007077  0.0012791  0.0022892  0.0016842 -0.0031665 -0.0061473  0.0006150 -0.0001582 -0.0002409 -0.0004098  0.0006995 
-0.0025162  0.0033619 -0.0025163  0.0012792 -0.0007079 -0.0022892 -0.0031672  0.0016850  0.0061474 -0.0006150 -0.0001583  0.0002409  0.0006995 -0.0004099 
global index=1  local index=6 (global=1, Rn=205)
-0.0022438  0.0038110 -0.0035978  0.0015050 -0.0000000 -0.0015050 -0.0058280  0.0000000  0.0058280 -0.0002139 -0.0003704 -0.0000000  0.0007406 -0.0000000 
 0.0038110 -0.0066031  0.0064406 -0.0024862 -0.0000000  0.0024862  0.0099492  0.0000000 -0.0099492  0.0003444  0.0005965  0.0000000 -0.0011919  0.0000000 
-0.0035978  0.0064406 -0.0064531  0.0021029  0.0000000 -0.0021029 -0.0087708  0.0000000  0.0087708 -0.0001973 -0.0003417 -0.0000000  0.0006789 -0.0000000 
-0.0015050  0.0024862 -0.0021029  0.0010238 -0.0000000 -0.0010717 -0.0035312  0.0000000  0.0040649 -0.0001792 -0.0002483 -0.0000000  0.0005279 -0.0000000 
 0.0000000  0.0000000 -0.0000000 -0.0000000 -0.0000480 -0.0000000  0.0000000  0.0005337  0.0000000 -0.0000000  0.0000000  0.0000311  0.0000000 -0.0000311 
 0.0015050 -0.0024862  0.0021029 -0.0010717 -0.0000000  0.0010238  0.0040649  0.0000000 -0.0035312  0.0001254  0.0002794  0.0000000 -0.0005279  0.0000000 
 0.0058280 -0.0099492  0.0087708 -0.0035312  0.0000000  0.0040649  0.0122801 -0.0000001 -0.0163634  0.0007558  0.0006759 -0.0000000 -0.0016672  0.0000000 
-0.0000000 -0.0000000 -0.0000000  0.0000000  0.0005337  0.0000000 -0.0000001 -0.0040737 -0.0000001  0.0000000 -0.0000000 -0.0003161 -0.0000000  0.0003161 
-0.0058280  0.0099492 -0.0087708  0.0040649  0.0000000 -0.0035312 -0.0163634 -0.0000001  0.0122801 -0.0002074 -0.0009925 -0.0000000  0.0016672  0.0000000 
-0.0002139  0.0003444 -0.0001973  0.0001792  0.0000000 -0.0001254 -0.0007558 -0.0000000  0.0002074 -0.0000195 -0.0000511 -0.0000000  0.0000786  0.0000000 
-0.0003704  0.0005965 -0.0003417  0.0002483 -0.0000000 -0.0002794 -0.0006759  0.0000000  0.0009925 -0.0000511 -0.0000784 -0.0000000  0.0001362 -0.0000000 
-0.0000000  0.0000000 -0.0000000  0.0000000 -0.0000311 -0.0000000  0.0000000  0.0003161  0.0000000 -0.0000000 -0.0000000 -0.0000035  0.0000000 -0.0000135 
 0.0007406 -0.0011919  0.0006789 -0.0005279 -0.0000000  0.0005279  0.0016672  0.0000000 -0.0016672  0.0000786  0.0001362  0.0000000 -0.0002895  0.0000000 
-0.0000000  0.0000000 -0.0000000  0.0000000  0.0000311 -0.0000000 -0.0000000 -0.0003161 -0.0000000  0.0000000 -0.0000000 -0.0000135  0.0000000 -0.0000035 
global index=1  local index=7 (global=1, Rn=211)
-0.0003929  0.0008716 -0.0018413 -0.0000000 -0.0002581 -0.0000984  0.0000000  0.0023530  0.0007770  0.0000479  0.0001205 -0.0000000  0.0000000 -0.0000826 
 0.0008716 -0.0019232  0.0040458  0.0000000  0.0005806  0.0002268 -0.0000000 -0.0051907 -0.0017680 -0.0001041 -0.0002657  0.0000000 -0.0000000  0.0001872 
-0.0018413  0.0040458 -0.0084094 -0.0000000 -0.0012362 -0.0005015  0.0000000  0.0108461  0.0038586  0.0002118  0.0005516 -0.0000000  0.0000000 -0.0004172 
 0.0000000 -0.0000000  0.0000000 -0.0000034 -0.0000000  0.0000000  0.0000390  0.0000000 -0.0000000  0.0000000  0.0000000 -0.0000035 -0.0000013  0.0000000 
 0.0002581 -0.0005806  0.0012362 -0.0000000  0.0001685  0.0000653  0.0000000 -0.0015683 -0.0005295 -0.0000316 -0.0000804 -0.0000000 -0.0000000  0.0000571 
 0.0000984 -0.0002268  0.0005015  0.0000000  0.0000653  0.0000131 -0.0000000 -0.0006467 -0.0001250 -0.0000172 -0.0000340  0.0000000 -0.0000000  0.0000130 
-0.0000000  0.0000000 -0.0000000  0.0000390  0.0000000 -0.0000000 -0.0004125 -0.0000000  0.0000000 -0.0000000 -0.0000000  0.0000410  0.0000123 -0.0000000 
-0.0023530  0.0051907 -0.0108461  0.0000000 -0.0015683 -0.0006467 -0.0000000  0.0139209  0.0050277  0.0002673  0.0007124 -0.0000000  0.0000000 -0.0005377 
-0.0007770  0.0017680 -0.0038586 -0.0000000 -0.0005295 -0.0001250  0.0000000  0.0050277  0.0011632  0.0001400  0.0002619 -0.0000000 -0.0000000 -0.0001222 
 0.0000479 -0.0001041  0.0002118 -0.0000000  0.0000316  0.0000172  0.0000000 -0.0002673 -0.0001400 -0.0000031 -0.0000129 -0.0000000 -0.0000000  0.0000143 
 0.0001205 -0.0002657  0.0005516 -0.0000000  0.0000804  0.0000340  0.0000000 -0.0007124 -0.0002619 -0.0000129 -0.0000362 -0.0000000 -0.0000000  0.0000280 
-0.0000000  0.0000000 -0.0000000  0.0000035  0.0000000 -0.0000000 -0.0000410  0.0000000  0.0000000 -0.0000000 -0.0000000  0.0000037  0.0000014 -0.0000000 
 0.0000000 -0.0000000  0.0000000  0.0000013  0.0000000  0.0000000 -0.0000123 -0.0000000  0.0000000 -0.0000000 -0.0000000  0.0000014  0.0000001  0.0000000 
-0.0000826  0.0001872 -0.0004172 -0.0000000 -0.0000571 -0.0000130  0.0000000  0.0005377  0.0001222  0.0000143  0.0000280 -0.0000000  0.0000000 -0.0000123 
global index=1  local index=8 (global=1, Rn=212)
-0.0117865  0.0162119 -0.0124800  0.0049704 -0.0099115 -0.0049704 -0.0133722  0.0267802  0.0133720  0.0011162  0.0019331  0.0025161  0.0013609 -0.0025162 
 0.0162119 -0.0168061 -0.0003732 -0.0075950  0.0151092  0.0075949  0.0101436 -0.0202157 -0.0101433 -0.0015370 -0.0026618 -0.0033617 -0.0020028  0.0033619 
-0.0124800 -0.0003732  0.0276864  0.0075627 -0.0148821 -0.0075624  0.0085263 -0.0177817 -0.0085265  0.0013363  0.0023137  0.0025159  0.0022814 -0.0025163 
-0.0049704  0.0075950 -0.0075627  0.0011311 -0.0043460 -0.0022025 -0.0035094  0.0152670  0.0068296  0.0004120  0.0012848  0.0007077  0.0003602 -0.0012792 
 0.0099115 -0.0151092  0.0148821 -0.0043460  0.0076632  0.0043459  0.0151282 -0.0254240 -0.0151272 -0.0007783 -0.0013480 -0.0022892 -0.0013373  0.0022892 
 0.0049704 -0.0075949  0.0075624 -0.0022025  0.0043459  0.0011313  0.0068297 -0.0152662 -0.0035108 -0.0009066 -0.0009991 -0.0012791 -0.0003602  0.0007079 
 0.0133722 -0.0101436 -0.0085263 -0.0035094  0.0151282  0.0068297 -0.0019648 -0.0127323  0.0010310 -0.0014540 -0.0040037 -0.0016842 -0.0009993  0.0031672 
-0.0267802  0.0202157  0.0177817  0.0152670 -0.0254240 -0.0152662 -0.0127323  0.0090814  0.0127269  0.0019393  0.0033575  0.0061473  0.0046214 -0.0061474 
-0.0133720  0.0101433  0.0085265  0.0068296 -0.0151272 -0.0035108  0.0010310  0.0127269 -0.0019553  0.0027397  0.0032602  0.0031665  0.0009997 -0.0016850 
 0.0011162 -0.0015370  0.0013363 -0.0004120  0.0007783  0.0009066  0.0014540 -0.0019393 -0.0027397  0.0000754 -0.0000972 -0.0001705 -0.0002496  0.0004445 
 0.0019331 -0.0026618  0.0023137 -0.0012848  0.0013480  0.0009991  0.0040037 -0.0033575 -0.0032602 -0.0000972 -0.0000366 -0.0006118 -0.0004324  0.0004535 
 0.0025161 -0.0033617  0.0025159 -0.0007077  0.0022892  0.0012791  0.0016842 -0.0061473 -0.0031665 -0.0001705 -0.0006118 -0.0004098 -0.0002409  0.0006995 
 0.0013609 -0.0020028  0.0022814 -0.0003602  0.0013373  0.0003602  0.0009993 -0.0046214 -0.0009997 -0.0002496 -0.0004324 -0.0002409 -0.0000756  0.0002409 
-0.0025162  0.0033619 -0.0025163  0.0012792 -0.0022892 -0.0007079 -0.0031672  0.0061474  0.0016850  0.0004445  0.0004535  0.0006995  0.0002409 -0.0004099 
global index=1  local index=9 (global=1, Rn=213)
-0.0117896  0.0162165 -0.0124818  0.0099147 -0.0049718 -0.0049718 -0.0267887  0.0133772  0.0133772  0.0011166 -0.0019340  0.0025172  0.0025172 -0.0013613 
 0.0162165 -0.0168121 -0.0003735 -0.0151146  0.0075969  0.0075969  0.0202267 -0.0101493 -0.0101493 -0.0015378  0.0026635 -0.0033634 -0.0033634  0.0020033 
-0.0124818 -0.0003735  0.0276939  0.0148866 -0.0075628 -0.0075628  0.0177811 -0.0085304 -0.0085304  0.0013371 -0.0023160  0.0025171  0.0025171 -0.0022811 
-0.0099147  0.0151146 -0.0148866  0.0076662 -0.0043473 -0.0043473 -0.0254349  0.0151335  0.0151335  0.0007787 -0.0013488  0.0022902  0.0022902 -0.0013377 
 0.0049718 -0.0075969  0.0075628 -0.0043473  0.0011319  0.0022033  0.0152695 -0.0035129 -0.0068322 -0.0004121  0.0012850 -0.0007083 -0.0012796  0.0003605 
 0.0049718 -0.0075969  0.0075628 -0.0043473  0.0022033  0.0011319  0.0152695 -0.0068322 -0.0035129 -0.0009067  0.0009994 -0.0012796 -0.0007083  0.0003605 
 0.0267887 -0.0202267 -0.0177811 -0.0254349  0.0152695  0.0152695  0.0091056 -0.0127367 -0.0127367 -0.0019409  0.0033617 -0.0061503 -0.0061503  0.0046218 
-0.0133772  0.0101493  0.0085304  0.0151335 -0.0035129 -0.0068322 -0.0127367 -0.0019533 -0.0010245  0.0014547 -0.0040046  0.0016865  0.0031688 -0.0010002 
-0.0133772  0.0101493  0.0085304  0.0151335 -0.0068322 -0.0035129 -0.0127367 -0.0010245 -0.0019533  0.0027407 -0.0032621  0.0031688  0.0016865 -0.0010002 
 0.0011166 -0.0015378  0.0013371 -0.0007787  0.0004121  0.0009067  0.0019409 -0.0014547 -0.0027407  0.0000754  0.0000973 -0.0001706 -0.0004447  0.0002497 
-0.0019340  0.0026635 -0.0023160  0.0013488 -0.0012850 -0.0009994 -0.0033617  0.0040046  0.0032621  0.0000973 -0.0000370  0.0006120  0.0004537 -0.0004324 
 0.0025172 -0.0033634  0.0025171 -0.0022902  0.0007083  0.0012796  0.0061503 -0.0016865 -0.0031688 -0.0001706  0.0006120 -0.0004102 -0.0006999  0.0002411 
 0.0025172 -0.0033634  0.0025171 -0.0022902  0.0012796  0.0007083  0.0061503 -0.0031688 -0.0016865 -0.0004447  0.0004537 -0.0006999 -0.0004102  0.0002411 
-0.0013613  0.0020033 -0.0022811  0.0013377 -0.0003605 -0.0003605 -0.0046218  0.0010002  0.0010002  0.0002497 -0.0004324  0.0002411  0.0002411 -0.0000757 
global index=1  local index=10 (global=1, Rn=214)
-0.0003929  0.0008714 -0.0018410  0.0002581  0.0000000 -0.0000984 -0.0023526 -0.0000000  0.0007769  0.0000478 -0.0001204  0.0000000  0.0000826  0.0000000 
 0.0008714 -0.0019228  0.0040450 -0.0005805 -0.0000000  0.0002267  0.0051897  0.0000000 -0.0017677 -0.0001040  0.0002657 -0.0000000 -0.0001872 -0.0000000 
-0.0018410  0.0040450 -0.0084076  0.0012360  0.0000000 -0.0005015 -0.0108438 -0.0000000  0.0038579  0.0002118 -0.0005515  0.0000000  0.0004172  0.0000000 
-0.0002581  0.0005805 -0.0012360  0.0001685  0.0000000 -0.0000653 -0.0015680 -0.0000000  0.0005294  0.0000316 -0.0000804  0.0000000  0.0000571  0.0000000 
-0.0000000  0.0000000 -0.0000000  0.0000000 -0.0000034  0.0000000 -0.0000000  0.0000390 -0.0000000  0.0000000 -0.0000000  0.0000035 -0.0000000 -0.0000013 
 0.0000984 -0.0002267  0.0005015 -0.0000653  0.0000000  0.0000131  0.0006467 -0.0000000 -0.0001250 -0.0000172  0.0000340 -0.0000000 -0.0000130  0.0000000 
 0.0023526 -0.0051897  0.0108438 -0.0015680 -0.0000000  0.0006467  0.0139181  0.0000000 -0.0050267 -0.0002672  0.0007123  0.0000000 -0.0005376 -0.0000000 
 0.0000000 -0.0000000  0.0000000 -0.0000000  0.0000390 -0.0000000  0.0000000 -0.0004125  0.0000000 -0.0000000  0.0000000 -0.0000410  0.0000000  0.0000123 
-0.0007769  0.0017677 -0.0038579  0.0005294 -0.0000000 -0.0001250 -0.0050267  0.0000000  0.0011630  0.0001400 -0.0002619  0.0000000  0.0001222  0.0000000 
 0.0000478 -0.0001040  0.0002118 -0.0000316 -0.0000000  0.0000172  0.0002672  0.0000000 -0.0001400 -0.0000031  0.0000129  0.0000000 -0.0000143 -0.0000000 
-0.0001204  0.0002657 -0.0005515  0.0000804  0.0000000 -0.0000340 -0.0007123 -0.0000000  0.0002619  0.0000129 -0.0000362 -0.0000000  0.0000280  0.0000000 
 0.0000000 -0.0000000  0.0000000 -0.0000000 -0.0000035  0.0000000 -0.0000000  0.0000410 -0.0000000  0.0000000 -0.0000000  0.0000037 -0.0000000 -0.0000014 
 0.0000826 -0.0001872  0.0004172 -0.0000571  0.0000000  0.0000130  0.0005376 -0.0000000 -0.0001222 -0.0000143  0.0000280 -0.0000000 -0.0000123 -0.0000000 
 0.0000000 -0.0000000  0.0000000 -0.0000000  0.0000013 -0.0000000  0.0000000 -0.0000123 -0.0000000 -0.0000000  0.0000000 -0.0000014 -0.0000000  0.0000001 
global index=1  local index=11 (global=1, Rn=220)
-0.0003929  0.0008714 -0.0018410  0.0000984 -0.0002581 -0.0000000 -0.0007769  0.0023526  0.0000000  0.0000804  0.0001017  0.0000826  0.0000000  0.0000000 
 0.0008714 -0.0019228  0.0040450 -0.0002267  0.0005805  0.0000000  0.0017677 -0.0051897 -0.0000000 -0.0001781 -0.0002229 -0.0001872 -0.0000000 -0.0000000 
-0.0018410  0.0040450 -0.0084076  0.0005015 -0.0012360 -0.0000000 -0.0038578  0.0108438  0.0000000  0.0003717  0.0004592  0.0004172  0.0000000  0.0000000 
-0.0000984  0.0002267 -0.0005015  0.0000131 -0.0000653  0.0000000 -0.0001250  0.0006467 -0.0000000  0.0000208  0.0000319  0.0000130 -0.0000000  0.0000000 
 0.0002581 -0.0005805  0.0012360 -0.0000653  0.0001685  0.0000000  0.0005294 -0.0015680 -0.0000000 -0.0000538 -0.0000676 -0.0000571 -0.0000000 -0.0000000 
 0.0000000 -0.0000000  0.0000000  0.0000000  0.0000000 -0.0000034 -0.0000000 -0.0000000  0.0000390 -0.0000000 -0.0000000  0.0000000  0.0000013 -0.0000035 
 0.0007769 -0.0017677  0.0038578 -0.0001250  0.0005294 -0.0000000  0.0011630 -0.0050267  0.0000000 -0.0001568 -0.0002522 -0.0001222 -0.0000000 -0.0000000 
-0.0023526  0.0051897 -0.0108438  0.0006467 -0.0015680 -0.0000000 -0.0050267  0.0139181  0.0000000  0.0004832  0.0005875  0.0005376  0.0000000 -0.0000000 
-0.0000000  0.0000000 -0.0000000 -0.0000000 -0.0000000  0.0000390  0.0000000  0.0000000 -0.0004125  0.0000000  0.0000000 -0.0000000 -0.0000123  0.0000410 
 0.0000804 -0.0001781  0.0003717 -0.0000208  0.0000538  0.0000000  0.0001568 -0.0004832 -0.0000000 -0.0000168 -0.0000208 -0.0000171 -0.0000000 -0.0000000 
 0.0001017 -0.0002229  0.0004592 -0.0000319  0.0000676  0.0000000  0.0002522 -0.0005875 -0.0000000 -0.0000208 -0.0000226 -0.0000264 -0.0000000  0.0000000 
 0.0000826 -0.0001872  0.0004172 -0.0000130  0.0000571 -0.0000000  0.0001222 -0.0005376  0.0000000 -0.0000171 -0.0000264 -0.0000123 -0.0000000 -0.0000000 
 0.0000000 -0.0000000  0.0000000  0.0000000  0.0000000 -0.0000013  0.0000000 -0.0000000  0.0000123 -0.0000000 -0.0000000 -0.0000000  0.0000001 -0.0000014 
 0.0000000 -0.0000000  0.0000000 -0.0000000  0.0000000  0.0000035  0.0000000  0.0000000 -0.0000410 -0.0000000  0.0000000 -0.0000000 -0.0000014  0.0000037 
global index=1  local index=12 (global=1, Rn=221)
-0.0022438  0.0038110 -0.0035978  0.0015050 -0.0015050  0.0000000 -0.0058280  0.0058280 -0.0000000  0.0004278  0.0000000  0.0007406 -0.0000000 -0.0000000 
 0.0038110 -0.0066031  0.0064406 -0.0024862  0.0024862 -0.0000000  0.0099492 -0.0099492  0.0000000 -0.0006887 -0.0000000 -0.0011919  0.0000000  0.0000000 
-0.0035978  0.0064406 -0.0064531  0.0021029 -0.0021029  0.0000000 -0.0087708  0.0087708  0.0000000  0.0003945  0.0000000  0.0006789 -0.0000000 -0.0000000 
-0.0015050  0.0024862 -0.0021029  0.0010238 -0.0010717 -0.0000000 -0.0035312  0.0040649  0.0000000  0.0003046  0.0000311  0.0005279 -0.0000000 -0.0000000 
 0.0015050 -0.0024862  0.0021029 -0.0010717  0.0010238 -0.0000000  0.0040649 -0.0035312  0.0000000 -0.0003046  0.0000311 -0.0005279  0.0000000  0.0000000 
-0.0000000  0.0000000 -0.0000000 -0.0000000 -0.0000000 -0.0000480  0.0000000  0.0000000  0.0005337  0.0000000  0.0000000 -0.0000000  0.0000311 -0.0000311 
 0.0058280 -0.0099492  0.0087708 -0.0035312  0.0040649  0.0000000  0.0122801 -0.0163634 -0.0000001 -0.0009632 -0.0003166 -0.0016672 -0.0000000  0.0000000 
-0.0058280  0.0099492 -0.0087708  0.0040649 -0.0035312  0.0000000 -0.0163634  0.0122801 -0.0000001  0.0009632 -0.0003166  0.0016672 -0.0000000  0.0000000 
-0.0000000 -0.0000000 -0.0000000  0.0000000  0.0000000  0.0005337 -0.0000001 -0.0000001 -0.0040737  0.0000000 -0.0000000 -0.0000000 -0.0003161  0.0003161 
 0.0004278 -0.0006887  0.0003945 -0.0003046  0.0003046 -0.0000000  0.0009632 -0.0009632 -0.0000000 -0.0001079 -0.0000000 -0.0001572  0.0000000  0.0000000 
-0.0000000  0.0000000 -0.0000000 -0.0000311 -0.0000311 -0.0000000  0.0003166  0.0003166  0.0000000  0.0000000  0.0000100  0.0000000  0.0000000 -0.0000000 
 0.0007406 -0.0011919  0.0006789 -0.0005279  0.0005279 -0.0000000  0.0016672 -0.0016672  0.0000000 -0.0001572 -0.0000000 -0.0002895  0.0000000  0.0000000 
-0.0000000  0.0000000 -0.0000000  0.0000000 -0.0000000 -0.0000311  0.0000000  0.0000000  0.0003161  0.0000000  0.0000000  0.0000000 -0.0000035 -0.0000135 
-0.0000000  0.0000000 -0.0000000  0.0000000 -0.0000000  0.0000311 -0.0000000 -0.0000000 -0.0003161  0.0000000 -0.0000000  0.0000000 -0.0000135 -0.0000035 
global index=1  local index=13 (global=1, Rn=222)
-0.0003929  0.0008714 -0.0018410  0.0002581 -0.0000984  0.0000000 -0.0023526  0.0007769 -0.0000000  0.0000804 -0.0001017  0.0000826  0.0000000  0.0000000 
 0.0008714 -0.0019228  0.0040450 -0.0005805  0.0002267 -0.0000000  0.0051897 -0.0017677  0.0000000 -0.0001781  0.0002229 -0.0001872 -0.0000000 -0.0000000 
-0.0018410  0.0040450 -0.0084076  0.0012360 -0.0005015  0.0000000 -0.0108438  0.0038578 -0.0000000  0.0003717 -0.0004592  0.0004172  0.0000000  0.0000000 
-0.0002581  0.0005805 -0.0012360  0.0001685 -0.0000653  0.0000000 -0.0015680  0.0005294 -0.0000000  0.0000538 -0.0000676  0.0000571  0.0000000  0.0000000 
 0.0000984 -0.0002267  0.0005015 -0.0000653  0.0000131  0.0000000  0.0006467 -0.0001250 -0.0000000 -0.0000208  0.0000319 -0.0000130 -0.0000000  0.0000000 
-0.0000000  0.0000000 -0.0000000  0.0000000  0.0000000 -0.0000034 -0.0000000 -0.0000000  0.0000390  0.0000000 -0.0000000 -0.0000000  0.0000035 -0.0000013 
 0.0023526 -0.0051897  0.0108438 -0.0015680  0.0006467 -0.0000000  0.0139181 -0.0050267  0.0000000 -0.0004832  0.0005875 -0.0005376  0.0000000 -0.0000000 
-0.0007769  0.0017677 -0.0038578  0.0005294 -0.0001250 -0.0000000 -0.0050267  0.0011630  0.0000000  0.0001568 -0.0002522  0.0001222  0.0000000  0.0000000 
 0.0000000 -0.0000000  0.0000000 -0.0000000 -0.0000000  0.0000390  0.0000000  0.0000000 -0.0004125 -0.0000000  0.0000000  0.0000000 -0.0000410  0.0000123 
 0.0000804 -0.0001781  0.0003717 -0.0000538  0.0000208 -0.0000000  0.0004832 -0.0001568  0.0000000 -0.0000168  0.0000208 -0.0000171 -0.0000000 -0.0000000 
-0.0001017  0.0002229 -0.0004592  0.0000676 -0.0000319  0.0000000 -0.0005875  0.0002522 -0.0000000  0.0000208 -0.0000226  0.0000264 -0.0000000  0.0000000 
 0.0000826 -0.0001872  0.0004172 -0.0000571  0.0000130  0.0000000  0.0005376 -0.0001222 -0.0000000 -0.0000171  0.0000264 -0.0000123 -0.0000000 -0.0000000 
 0.0000000 -0.0000000  0.0000000 -0.0000000  0.0000000 -0.0000035 -0.0000000 -0.0000000  0.0000410 -0.0000000 -0.0000000 -0.0000000  0.0000037 -0.0000014 
 0.0000000 -0.0000000  0.0000000 -0.0000000 -0.0000000  0.0000013  0.0000000 -0.0000000 -0.0000123 -0.0000000  0.0000000 -0.0000000 -0.0000014  0.0000001 
global index=1  local index=14 (global=1, Rn=267)
-0.0003929  0.0008716 -0.0018413 -0.0000984 -0.0000000 -0.0002581  0.0007770  0.0000000  0.0023530 -0.0001282 -0.0000188  0.0000000 -0.0000826 -0.0000000 
 0.0008716 -0.0019232  0.0040458  0.0002268  0.0000000  0.0005806 -0.0017680 -0.0000000 -0.0051907  0.0002822  0.0000428 -0.0000000  0.0001872  0.0000000 
-0.0018413  0.0040458 -0.0084094 -0.0005015 -0.0000000 -0.0012362  0.0038586  0.0000000  0.0108461 -0.0005837 -0.0000924  0.0000000 -0.0004172 -0.0000000 
 0.0000984 -0.0002268  0.0005015  0.0000131  0.0000000  0.0000653 -0.0001250 -0.0000000 -0.0006467  0.0000380  0.0000021 -0.0000000  0.0000130  0.0000000 
 0.0000000 -0.0000000  0.0000000  0.0000000 -0.0000034 -0.0000000 -0.0000000  0.0000390  0.0000000 -0.0000000  0.0000000 -0.0000013  0.0000000 -0.0000035 
 0.0002581 -0.0005806  0.0012362  0.0000653 -0.0000000  0.0001685 -0.0005295  0.0000000 -0.0015683  0.0000855  0.0000128 -0.0000000  0.0000571 -0.0000000 
-0.0007770  0.0017680 -0.0038586 -0.0001250 -0.0000000 -0.0005295  0.0011632  0.0000000  0.0050277 -0.0002969 -0.0000097 -0.0000000 -0.0001222 -0.0000000 
-0.0000000  0.0000000 -0.0000000 -0.0000000  0.0000390  0.0000000  0.0000000 -0.0004125 -0.0000000  0.0000000 -0.0000000  0.0000123 -0.0000000  0.0000410 
-0.0023530  0.0051907 -0.0108461 -0.0006467  0.0000000 -0.0015683  0.0050277 -0.0000000  0.0139209 -0.0007506 -0.0001247  0.0000000 -0.0005377 -0.0000000 
-0.0001282  0.0002822 -0.0005837 -0.0000380  0.0000000 -0.0000855  0.0002969 -0.0000000  0.0007506 -0.0000391 -0.0000079  0.0000000 -0.0000314  0.0000000 
-0.0000188  0.0000428 -0.0000924 -0.0000021 -0.0000000 -0.0000128  0.0000097  0.0000000  0.0001247 -0.0000079 -0.0000002 -0.0000000 -0.0000016 -0.0000000 
 0.0000000 -0.0000000  0.0000000  0.0000000  0.0000013  0.0000000  0.0000000 -0.0000123 -0.0000000  0.0000000 -0.0000000  0.0000001  0.0000000  0.0000014 
-0.0000826  0.0001872 -0.0004172 -0.0000130 -0.0000000 -0.0000571  0.0001222  0.0000000  0.0005377 -0.0000314 -0.0000016  0.0000000 -0.0000123 -0.0000000 
-0.0000000  0.0000000 -0.0000000 -0.0000000  0.0000035  0.0000000  0.0000000 -0.0000410  0.0000000  0.0000000 -0.0000000  0.0000014 -0.0000000  0.0000037 
global index=1  local index=15 (global=1, Rn=268)
-0.0003929  0.0008714 -0.0018410 -0.0000000  0.0000984 -0.0002581  0.0000000 -0.0007769  0.0023526 -0.0001282  0.0000188  0.0000000  0.0000000  0.0000826 
 0.0008714 -0.0019228  0.0040450  0.0000000 -0.0002267  0.0005805 -0.0000000  0.0017677 -0.0051897  0.0002821 -0.0000427 -0.0000000 -0.0000000 -0.0001872 
-0.0018410  0.0040450 -0.0084076 -0.0000000  0.0005015 -0.0012360  0.0000000 -0.0038579  0.0108438 -0.0005835  0.0000924  0.0000000  0.0000000  0.0004172 
 0.0000000 -0.0000000  0.0000000 -0.0000034  0.0000000  0.0000000  0.0000390 -0.0000000 -0.0000000  0.0000000  0.0000000  0.0000013 -0.0000035  0.0000000 
-0.0000984  0.0002267 -0.0005015  0.0000000  0.0000131 -0.0000653 -0.0000000 -0.0001250  0.0006467 -0.0000380  0.0000021 -0.0000000  0.0000000  0.0000130 
 0.0002581 -0.0005805  0.0012360  0.0000000 -0.0000653  0.0001685 -0.0000000  0.0005294 -0.0015680  0.0000854 -0.0000128 -0.0000000 -0.0000000 -0.0000571 
-0.0000000  0.0000000 -0.0000000  0.0000390 -0.0000000 -0.0000000 -0.0004125  0.0000000  0.0000000 -0.0000000 -0.0000000 -0.0000123  0.0000410 -0.0000000 
 0.0007769 -0.0017677  0.0038579 -0.0000000 -0.0001250  0.0005294  0.0000000  0.0011630 -0.0050267  0.0002968 -0.0000097 -0.0000000 -0.0000000 -0.0001222 
-0.0023526  0.0051897 -0.0108438 -0.0000000  0.0006467 -0.0015680  0.0000000 -0.0050267  0.0139181 -0.0007505  0.0001247  0.0000000 -0.0000000  0.0005376 
-0.0001282  0.0002821 -0.0005835 -0.0000000  0.0000380 -0.0000854  0.0000000 -0.0002968  0.0007505 -0.0000391  0.0000079  0.0000000 -0.0000000  0.0000314 
 0.0000188 -0.0000427  0.0000924 -0.0000000 -0.0000021  0.0000128  0.0000000  0.0000097 -0.0001247  0.0000079 -0.0000002  0.0000000 -0.0000000 -0.0000016 
 0.0000000 -0.0000000  0.0000000 -0.0000013  0.0000000  0.0000000  0.0000123  0.0000000 -0.0000000  0.0000000  0.0000000  0.0000001 -0.0000014 -0.0000000 
 0.0000000 -0.0000000  0.0000000  0.0000035 -0.0000000  0.0000000 -0.0000410  0.0000000  0.0000000 -0.0000000 -0.0000000 -0.0000014  0.0000037 -0.0000000 
 0.0000826 -0.0001872  0.0004172 -0.0000000 -0.0000130  0.0000571  0.0000000  0.0001222 -0.0005376  0.0000314 -0.0000016 -0.0000000 -0.0000000 -0.0000123 
global index=1  local index=16 (global=1, Rn=274)
-0.0000000  0.0000000 -0.0000001 -0.0000000 -0.0000000 -0.0000000  0.0000001  0.0000001  0.0000001  0.0000000 -0.0000000 -0.0000000 -0.0000000 -0.0000000 
 0.0000000 -0.0000001  0.0000003  0.0000001  0.0000001  0.0000001 -0.0000002 -0.0000002 -0.0000002  0.0000000  0.0000000  0.0000000  0.0000000  0.0000000 
-0.0000001  0.0000003 -0.0000005 -0.0000001 -0.0000001 -0.0000001  0.0000005  0.0000005  0.0000005  0.0000000 -0.0000000 -0.0000001 -0.0000001 -0.0000001 
 0.0000000 -0.0000001  0.0000001 -0.0000000 -0.0000000 -0.0000000 -0.0000000 -0.0000000 -0.0000000  0.0000000 -0.0000000  0.0000000  0.0000000  0.0000000 
 0.0000000 -0.0000001  0.0000001 -0.0000000 -0.0000000 -0.0000000 -0.0000000 -0.0000000 -0.0000000  0.0000000  0.0000000  0.0000000  0.0000000  0.0000000 
 0.0000000 -0.0000001  0.0000001 -0.0000000 -0.0000000 -0.0000000 -0.0000000 -0.0000000 -0.0000000 -0.0000000 -0.0000000  0.0000000  0.0000000  0.0000000 
-0.0000001  0.0000002 -0.0000005 -0.0000000 -0.0000000 -0.0000000  0.0000004  0.0000005  0.0000005 -0.0000000  0.0000000 -0.0000001 -0.0000001 -0.0000001 
-0.0000001  0.0000002 -0.0000005 -0.0000000 -0.0000000 -0.0000000  0.0000005  0.0000004  0.0000005 -0.0000000 -0.0000000 -0.0000001 -0.0000001 -0.0000001 
-0.0000001  0.0000002 -0.0000005 -0.0000000 -0.0000000 -0.0000000  0.0000005  0.0000005  0.0000004  0.0000000 -0.0000000 -0.0000001 -0.0000001 -0.0000001 
 0.0000000  0.0000000  0.0000000 -0.0000000 -0.0000000  0.0000000  0.0000000  0.0000000 -0.0000000  0.0000000 -0.0000000 -0.0000000  0.0000000  0.0000000 
 0.0000000 -0.0000000  0.0000000  0.0000000 -0.0000000 -0.0000000 -0.0000000  0.0000000 -0.0000000 -0.0000000  0.0000000  0.0000000  0.0000000 -0.0000000 
-0.0000000  0.0000000 -0.0000001 -0.0000000 -0.0000000 -0.0000000  0.0000001  0.0000001  0.0000001 -0.0000000 -0.0000000  0.0000000 -0.0000000 -0.0000000 
-0.0000000  0.0000000 -0.0000001 -0.0000000 -0.0000000 -0.0000000  0.0000001  0.0000001  0.0000001  0.0000000  0.0000000 -0.0000000  0.0000000 -0.0000000 
-0.0000000  0.0000000 -0.0000001 -0.0000000 -0.0000000 -0.0000000  0.0000001  0.0000001  0.0000001  0.0000000 -0.0000000 -0.0000000 -0.0000000  0.0000000 
global index=1  local index=17 (global=1, Rn=275)
-0.0117930  0.0162238 -0.0124902 -0.0049732 -0.0049732 -0.0099167  0.0133836  0.0133836  0.0268038 -0.0022336 -0.0000000 -0.0013618 -0.0025177 -0.0025177 
 0.0162238 -0.0168282 -0.0003512  0.0075999  0.0075999  0.0151182 -0.0101659 -0.0101659 -0.0202602  0.0030761  0.0000000  0.0020046  0.0033647  0.0033647 
-0.0124902 -0.0003512  0.0276559 -0.0075671 -0.0075671 -0.0148880 -0.0084992 -0.0084992 -0.0177382 -0.0026733 -0.0000000 -0.0022836 -0.0025186 -0.0025186 
 0.0049732 -0.0075999  0.0075671  0.0011321  0.0022036  0.0043483 -0.0035142 -0.0068340 -0.0152771  0.0013193 -0.0002856  0.0003605  0.0007084  0.0012798 
 0.0049732 -0.0075999  0.0075671  0.0022036  0.0011321  0.0043483 -0.0068340 -0.0035142 -0.0152771  0.0013193  0.0002856  0.0003605  0.0012798  0.0007084 
 0.0099167 -0.0151182  0.0148880  0.0043483  0.0043483  0.0076674 -0.0151366 -0.0151366 -0.0254411  0.0015576  0.0000000  0.0013380  0.0022905  0.0022905 
-0.0133836  0.0101659  0.0084992 -0.0035142 -0.0068340 -0.0151366 -0.0019408 -0.0010069  0.0127783 -0.0041967  0.0007428 -0.0010010 -0.0016873 -0.0031697 
-0.0133836  0.0101659  0.0084992 -0.0068340 -0.0035142 -0.0151366 -0.0010069 -0.0019408  0.0127783 -0.0041967 -0.0007428 -0.0010010 -0.0031697 -0.0016873 
-0.0268038  0.0202602  0.0177382 -0.0152771 -0.0152771 -0.0254411  0.0127783  0.0127783  0.0091666 -0.0038814 -0.0000000 -0.0046255 -0.0061532 -0.0061532 
-0.0022336  0.0030761 -0.0026733 -0.0013193 -0.0013193 -0.0015576  0.0041967  0.0041967  0.0038814 -0.0000930 -0.0000000 -0.0004996 -0.0006154 -0.0006154 
 0.0000000 -0.0000000  0.0000000  0.0002856 -0.0002856  0.0000000 -0.0007428  0.0007428 -0.0000000  0.0000000  0.0001316  0.0000000  0.0001583 -0.0001583 
-0.0013618  0.0020046 -0.0022836 -0.0003605 -0.0003605 -0.0013380  0.0010010  0.0010010  0.0046255 -0.0004996 -0.0000000 -0.0000757 -0.0002411 -0.0002411 
